Average Income - Female (copy)	Average Income - Female	Average Income - Male	Difference	1	% of Total	Difference in Income	Female to Male Income	Number of Records	Occupation
36359	36359	40954	4595	1	89%	4595	0.887800947	1	Abattoir process worker; Meat process worker; Meatworker – meatworker’s labourer
40926	40926	44077	3151	1	93%	3151	0.928511469	1	Aboriginal and Torres Strait Islander education worker
43545	43545	47833	4288	1	91%	4288	0.910354776	1	Aboriginal and Torres Strait Islander health liaison officer; Aboriginal and Torres Strait Islander health worker
71552	71552	105107	33555	1	68%	33555	0.680753898	1	Accountant; Bank accountant; Chartered accountant; Financial analyst
77421	77421	115908	38487	1	67%	38487	0.667952169	1	Accounting practice manager; Architectural practice manager; Legal practice manager; Manager – other practice; Veterinary practice manager
47153	47153	64667	17514	1	73%	17514	0.729166345	1	Accounts clerk; Finance officer
34736	34736	36624	1888	1	95%	1888	0.948449104	1	Actor
51681	51681	62893	11212	1	82%	11212	0.821728968	1	Actuarial clerk; Statistical clerk Clerical and office
136819	136819	196144	59325	1	70%	59325	0.697543641	1	Actuary
35944	35944	43983	8039	1	82%	8039	0.817224837	1	Acupuncturist
43604	43604	45784	2180	1	95%	2180	0.952385113	1	Administration assistant; Office worker
47529	47529	58373	10844	1	81%	10844	0.814229181	1	Administrative service officer – levels 1–2; Public servant – administrative service officer – levels 1–2
54990	54990	65541	10551	1	84%	10551	0.839016799	1	Administrative service officer – levels 3–4; Public servant – administrative service officer – levels 3–4
64863	64863	85567	20704	1	76%	20704	0.758037561	1	Administrative service officer – levels 5–6; Program or project administrator; Public servant – administrative service officer – levels 5–6
42435	42435	47179	4744	1	90%	4744	0.899446788	1	Admissions clerk
70895	70895	104132	33237	1	68%	33237	0.680818576	1	Advertising director; Advertising manager
58258	58258	73201	14943	1	80%	14943	0.795863444	1	Advertising specialist; Media planner
31358	31358	35808	4450	1	88%	4450	0.875726095	1	Aerobics instructor; Fitness instructor; Gym instructor
75029	75029	99207	24178	1	76%	24178	0.756287359	1	Aeronautical engineer
73412	73412	133526	60114	1	55%	60114	0.549795545	1	Aeroplane pilot
32044	32044	37642	5598	1	85%	5598	0.851283141	1	Aged or disabled carer; Home companion; Respite carer
44876	44876	53365	8489	1	84%	8489	0.840925700	1	Agent – travel; Travel agent or consultant
60195	60195	76288	16093	1	79%	16093	0.789049392	1	Agricultural engineer
52744	52744	65808	13064	1	80%	13064	0.801483102	1	Agricultural field officer
65807	65807	86518	20711	1	76%	20711	0.760616288	1	Agricultural scientist; Agronomist
41878	41878	56984	15106	1	73%	15106	0.734908044	1	Agricultural technician
68069	68069	68071	2	1	100%	2	0.999970619	1	Air conditioning and mechanical services plumber
47098	47098	68932	21834	1	68%	21834	0.683253061	1	Air conditioning mechanic; Refrigeration mechanic
56140	56140	62162	6022	1	90%	6022	0.903124095	1	Air force – other ranks; Air force junior non-commissioned officer; Army – other ranks; Army junior non-commissioned officer; Defence force personnel – junior non-commissioned officer; Defence force p
70650	70650	78650	8000	1	90%	8000	0.898283535	1	Air force junior officer; Army junior officer; Defence force personnel – junior officer; Navy junior officer; RAAF junior officer
78203	78203	89674	11471	1	87%	11471	0.872081094	1	Air force senior non-commissioned officer; Army senior non-commissioner officer; Defrence force personnel – senior non-commissioned officer; Navy senior non-commissioned officer; RAAF senior non-commi
99151	99151	118157	19006	1	84%	19006	0.839146221	1	Air force senior officer; Army senior officer; Defence force personnel – senior officer; Navy senior officer; RAAF senior officer
63419	63419	100964	37545	1	63%	37545	0.628134781	1	Air safety inspector or investigator; Aircraft navigator; Airways surveyor; Airworthiness surveyor; Aviation safety inspector; Flight engineer
100200	100200	141581	41381	1	71%	41381	0.707722081	1	Air traffic controller; Flight service officer – air traffic control
60326	60326	83062	22736	1	73%	22736	0.726276757	1	Aircraft draftsperson; Biomedical engineering technician or associate; Chemical engineering technician; Mining draftsperson; Shipbuilding draftsperson
64274	64274	96173	31899	1	67%	31899	0.668316471	1	Aircraft maintenance engineer – avionics
66357	66357	93837	27480	1	71%	27480	0.707151763	1	Aircraft maintenance engineer – mechanical
61406	61406	82412	21006	1	75%	21006	0.745109935	1	Aircraft maintenance engineer – structures
77366	77366	74664	-2702	1	104%	-2702	1.036188792	1	Aircraft refueller
48511	48511	54497	5986	1	89%	5986	0.890159091	1	Airline employee – baggage handling or ground crew; Baggage handler – airline; Loadmaster – aircraft
39847	39847	47823	7976	1	83%	7976	0.833218326	1	Airline employee – check in or ticketing; Call centre operator – bookings; Cinema attendant – selling tickets; Contact centre operator – bookings; Railway employee – ticket seller; Reservations clerk;
50638	50638	63535	12897	1	80%	12897	0.797009522	1	Airline employee – load controller; Freight clerk; Receiving and dispatching clerk; Shipping clerk; Transport dispatcher
49474	49474	65113	15639	1	76%	15639	0.759817548	1	Airline steward; Flight attendant or steward
49801	49801	66934	17133	1	74%	17133	0.744031434	1	Alumina refinery operator; Arc welder; Die setter – metals; Furnace operator – metals; Key cutter; Kiln operator – metals; Knife sharpener; Metal press operator; Metal sprayer
52933	52933	76755	23822	1	69%	23822	0.689635854	1	Ambassador; Archbishop; Bishop; Correctional institution governor; Prison governor
63265	63265	79711	16446	1	79%	16446	0.793679668	1	Ambulance officer; Paramedic
43778	43778	50039	6261	1	87%	6261	0.874877595	1	Amusement centre manager
49195	49195	66691	17496	1	74%	17496	0.737655756	1	Amusement park attendant – rides; Asbestos removalist; Fabricator – door or window – wood
56084	56084	66535	10451	1	84%	10451	0.842924776	1	Anaesthetic technician
243582	243582	370492	126910	1	66%	126910	0.657455492	1	Anaesthetist
85169	85169	99377	14208	1	86%	14208	0.857029292	1	Analyst programmer
31904	31904	41877	9973	1	76%	9973	0.761850180	1	Animal attendant; Animal trainer (not dog or horse)
57658	57658	75167	17509	1	77%	17509	0.767065335	1	Announcer – radio; Disc jockey – other than nightclub; Newsreader – radio; Radio announcer; Radio presenter
39309	39309	41229	1920	1	95%	1920	0.953430838	1	Antique dealer
35054	35054	40320	5266	1	87%	5266	0.869394841	1	Apiarist
38096	38096	42189	4093	1	90%	4093	0.902984190	1	Apparel cutter
80257	80257	93411	13154	1	86%	13154	0.859181467	1	Applications programmer; Computer programmer; Developer programmer; Systems programmer – computing
29603	29603	33811	4208	1	88%	4208	0.875543462	1	Apprentice or trainee – agricultural technician
31574	31574	35643	4069	1	89%	4069	0.885840137	1	Apprentice or trainee – airconditioning and refrigeration mechanic
31379	31379	39995	8616	1	78%	8616	0.784573072	1	Apprentice or trainee – aircraft maintenance engineer
30942	30942	31701	759	1	98%	759	0.976057538	1	Apprentice or trainee – animal attendant
54397	54397	35143	-19254	1	155%	-19254	1.547875822	1	Apprentice or trainee – autoglazier
30108	30108	32491	2383	1	93%	2383	0.926656613	1	Apprentice or trainee – automotive Apprentice or trainee – other
42228	42228	37897	-4331	1	111%	-4331	1.114283453	1	Apprentice or trainee – automotive electrician
29842	29842	31585	1743	1	94%	1743	0.944815577	1	Apprentice or trainee – automotive mechanic
28219	28219	28157	-62	1	100%	-62	1.002201939	1	Apprentice or trainee – baker or pastrycook
25066	25066	20771	-4295	1	121%	-4295	1.206778682	1	Apprentice or trainee – beauty therapist
26508	26508	31113	4605	1	85%	4605	0.851991129	1	Apprentice or trainee – boat builder or shipwright
34039	34039	25347	-8692	1	134%	-8692	1.342920267	1	Apprentice or trainee – bricklayer
24169	24169	29821	5652	1	81%	5652	0.810469132	1	Apprentice or trainee – business services
31723	31723	29995	-1728	1	106%	-1728	1.057609602	1	Apprentice or trainee – butcher
35141	35141	29980	-5161	1	117%	-5161	1.172148099	1	Apprentice or trainee – canvas and leather tradesperson
28444	28444	32369	3925	1	88%	3925	0.878742006	1	Apprentice or trainee – care and community services
26523	26523	29252	2729	1	91%	2729	0.906707234	1	Apprentice or trainee – carpenter and joiner
27564	27564	27290	-274	1	101%	-274	1.010040308	1	Apprentice or trainee – chef
25116	25116	28098	2982	1	89%	2982	0.893871450	1	Apprentice or trainee – cleaning services
34880	34880	33933	-947	1	103%	-947	1.027907936	1	Apprentice or trainee – clerical services
26344	26344	24092	-2252	1	109%	-2252	1.093475012	1	Apprentice or trainee – clothing tradesperson
24967	24967	26118	1151	1	96%	1151	0.955930776	1	Apprentice or trainee – cook
39883	39883	44373	4490	1	90%	4490	0.898812341	1	Apprentice or trainee – deck or fishing hand
47354	47354	40108	-7246	1	118%	-7246	1.180662212	1	Apprentice or trainee – electrician
38909	38909	40504	1595	1	96%	1595	0.960621173	1	Apprentice or trainee – electronics tradesperson
21565	21565	26151	4586	1	82%	4586	0.824633857	1	Apprentice or trainee – farm or garden worker
33245	33245	40439	7194	1	82%	7194	0.822102426	1	Apprentice or trainee – financial services
		28801		1				1	Apprentice or trainee – floor finisher
22983	22983	18100	-4883	1	127%	-4883	1.269779006	1	Apprentice or trainee – florist
24077	24077	28770	4693	1	84%	4693	0.836878693	1	Apprentice or trainee – food, drink or meat processor
30065	30065	32503	2438	1	92%	2438	0.924991539	1	Apprentice or trainee – forestry
28766	28766	26744	-2022	1	108%	-2022	1.075605743	1	Apprentice or trainee – gardener
29167	29167	27822	-1345	1	105%	-1345	1.048343038	1	Apprentice or trainee – greenkeeper
23326	23326	23209	-117	1	101%	-117	1.005041148	1	Apprentice or trainee – hair dresser
30753	30753	40235	9482	1	76%	9482	0.764334535	1	Apprentice or trainee – health and welfare support services
23445	23445	24204	759	1	97%	759	0.968641547	1	Apprentice or trainee – hospitality
40844	40844	34692	-6152	1	118%	-6152	1.177331950	1	Apprentice or trainee – information technology technician
67832	67832	76627	8795	1	89%	8795	0.885223224	1	Apprentice or trainee – insurance claims investigator
31964	31964	32062	98	1	100%	98	0.996943422	1	Apprentice or trainee – jeweller
40421	40421	54834	14413	1	74%	14413	0.737152132	1	Apprentice or trainee – jockey
40586	40586	46643	6057	1	87%	6057	0.870141286	1	Apprentice or trainee – justice and legal services
43460	43460	42892	-568	1	101%	-568	1.013242563	1	Apprentice or trainee – mechanical trades engineer
33815	33815	41031	7216	1	82%	7216	0.824132973	1	Apprentice or trainee – medical technician
38498	38498	35829	-2669	1	107%	-2669	1.074492729	1	Apprentice or trainee – metal fabrication engineer
59872	59872	62935	3063	1	95%	3063	0.951330738	1	Apprentice or trainee – miner
22943	22943	25996	3053	1	88%	3053	0.882558855	1	Apprentice or trainee – nurseryperson
26159	26159	25328	-831	1	103%	-831	1.032809539	1	Apprentice or trainee – painter
32745	32745	30976	-1769	1	106%	-1769	1.057108729	1	Apprentice or trainee – performing arts technician
32934	32934	27431	-5503	1	120%	-5503	1.200612446	1	Apprentice or trainee – plasterer
28010	28010	31680	3670	1	88%	3670	0.884154040	1	Apprentice or trainee – plumber
44375	44375	64808	20433	1	68%	20433	0.684714850	1	Apprentice or trainee – power generation plant operator
32519	32519	38199	5680	1	85%	5680	0.851305008	1	Apprentice or trainee – printer or graphic artist
58513	58513	113971	55458	1	51%	55458	0.513402532	1	Apprentice or trainee – real estate representative
38809	38809	54042	15233	1	72%	15233	0.718126642	1	Apprentice or trainee – sales assistant (retail)
53118	53118	73496	20378	1	72%	20378	0.722733210	1	Apprentice or trainee – sales representative (wholesale)
57531	57531	55624	-1907	1	103%	-1907	1.034283762	1	Apprentice or trainee – security and correctional services
19671	19671	27980	8309	1	70%	8309	0.703037884	1	Apprentice or trainee – shearer
32736	32736	30528	-2208	1	107%	-2208	1.072327044	1	Apprentice or trainee – signwriter
17983	17983	19586	1603	1	92%	1603	0.918155826	1	Apprentice or trainee – sport and recreation
21810	21810	22520	710	1	97%	710	0.968472469	1	Apprentice or trainee – stablehand
25475	25475	28950	3475	1	88%	3475	0.879965458	1	Apprentice or trainee – storeperson
33653	33653	41212	7559	1	82%	7559	0.816582549	1	Apprentice or trainee – telecommunications technical specialist
30132	30132	37543	7411	1	80%	7411	0.802599686	1	Apprentice or trainee – telecommunications tradesperson
19542	19542	24995	5453	1	78%	5453	0.781836367	1	Apprentice or trainee – tiler
33620	33620	32018	-1602	1	105%	-1602	1.050034356	1	Apprentice or trainee – tourism and travel adviser
41380	41380	48629	7249	1	85%	7249	0.850932571	1	Apprentice or trainee – transport and distribution driver
30746	30746	27482	-3264	1	112%	-3264	1.118768649	1	Apprentice or trainee – upholsterer
29161	29161	29622	461	1	98%	461	0.984437243	1	Apprentice or trainee – veterinary nurse
		36213		1				1	Apprentice or trainee – watch and clock maker
25274	25274	28636	3362	1	88%	3362	0.882595335	1	Apprentice or trainee – wood tradesperson
32020	32020	50540	18520	1	63%	18520	0.633557578	1	Aquaculture farmer or farm overseer; Fish hatchery manager; Oyster farmer or farm overseer; Seafood farmer or farm overseer
23886	23886	33178	9292	1	72%	9292	0.719934897	1	Aquaculture worker
47535	47535	51801	4266	1	92%	4266	0.917646377	1	Arborist; Tree surgeon
60947	60947	88729	27782	1	69%	27782	0.686889292	1	Architect
48151	48151	65884	17733	1	73%	17733	0.730845122	1	Architectural draftsperson; Building designer
59359	59359	61686	2327	1	96%	2327	0.962276692	1	Archivist
46508	46508	56033	9525	1	83%	9525	0.830010886	1	Armoured car escort; Payroll guard
65185	65185	77274	12089	1	84%	12089	0.843556694	1	Art director – film, television or stage
69919	69919	90356	20437	1	77%	20437	0.773816902	1	Art director – publishing or advertising; Producer – media
42025	42025	44878	2853	1	94%	2853	0.936427648	1	Art teacher – private
64045	64045	89706	25661	1	71%	25661	0.713943326	1	Articled clerk; Coroner; Court registrar – Court of Appeals; Court registrar – Federal, Supreme or Family Courts; Judicial registrar
34117	34117	48095	13978	1	71%	13978	0.709366878	1	Artist – other visual; Craft worker
71377	71377	79748	8371	1	90%	8371	0.895031850	1	Artistic director
51948	51948	65044	13096	1	80%	13096	0.798659369	1	Arts administrator; Arts manager
35424	35424	41975	6551	1	84%	6551	0.843930911	1	Assembler; Assembly line worker
59025	59025	85189	26164	1	69%	26164	0.692871145	1	Associate editor; Newspaper editor; Periodical editor; Sub editor
35453	35453	50110	14657	1	71%	14657	0.707503492	1	Athlete
44181	44181	85444	41263	1	52%	41263	0.517075511	1	Auctioneer
51438	51438	54991	3553	1	94%	3553	0.935389427	1	Audio engineer; Editor – sound; Sound engineer or technician
69049	69049	91877	22828	1	75%	22828	0.751537381	1	Audiologist
52657	52657	62596	9939	1	84%	9939	0.841219886	1	Author
59718	59718	73719	14001	1	81%	14001	0.810076100	1	Automotive electrician
41614	41614	62893	21279	1	66%	21279	0.661663460	1	Back hoe operator
46699	46699	53914	7215	1	87%	7215	0.866175761	1	Baggage handler – bus or train; Baggage handler – freight –  roal or rail; Freight handler – road or rail
26162	26162	36487	10325	1	72%	10325	0.717022501	1	Baggage handler – hotel or motel; Door attendant; Luggage porter
36042	36042	45165	9123	1	80%	9123	0.798007307	1	Baker
27737	27737	29767	2030	1	93%	2030	0.931803675	1	Bakery assistant; Pastry cook’s assistant
34903	34903	40404	5501	1	86%	5501	0.863850114	1	Baking factory worker
32056	32056	37178	5122	1	86%	5122	0.862230351	1	Ballet teacher; Dance teacher – private
45752	45752	49620	3868	1	92%	3868	0.922047561	1	Band member; Drummer; Guitarist; Musician – instrumentalist; Organist; Pianist
52668	52668	96812	44144	1	54%	44144	0.544023468	1	Bank employee; Bank officer; Bank teller; Business development officer – bank, etc.; Credit union employee
99447	99447	151095	51648	1	66%	51648	0.658175320	1	Bank manager; Financial institution branch manager
27850	27850	24913	-2937	1	112%	-2937	1.117890258	1	Bar useful or busser
30323	30323	39030	8707	1	78%	8707	0.776915193	1	Barber; Hairdresser; Ladies’ hairdresser; Men’s hairdresser
23240	23240	25229	1989	1	92%	1989	0.921162155	1	Barista
59436	59436	168766	109330	1	35%	109330	0.352179941	1	Barrister
27450	27450	29511	2061	1	93%	2061	0.930161635	1	Bartender
47246	47246	43191	-4055	1	109%	-4055	1.093885300	1	Basketballer
29682	29682	29510	-172	1	101%	-172	1.005828533	1	Beautician; Beauty therapist; Manicurist
23085	23085	25628	2543	1	90%	2543	0.900772592	1	Beauty salon assistant; Hair salon assistant
40826	40826	49005	8179	1	83%	8179	0.833098663	1	Beauty salon manager; Hair salon manager
20842	20842	23990	3148	1	87%	3148	0.868778658	1	Bed and breakfast owner operator
38370	38370	43652	5282	1	88%	5282	0.878997526	1	Bedding and mattress maker; Furniture upholsterer; Upholsterer
26346	26346	34165	7819	1	77%	7819	0.771140056	1	Beef cattle farm worker; Drover – beef cattle; Jackeroo – beef cattle; Jillaroo – beef cattle; Stationhand – beef cattle
39850	39850	47882	8032	1	83%	8032	0.832254292	1	Beef cattle farmer or farm overseer
56833	56833	85803	28970	1	66%	28970	0.662366118	1	Betting agency manager
19735	19735	35003	15268	1	56%	15268	0.563808816	1	Bicycle mechanic
31065	31065	60292	29227	1	52%	29227	0.515242487	1	Bingo caller; Keno terminal operator
67389	67389	86974	19585	1	77%	19585	0.774817762	1	Biochemist
60428	60428	77036	16608	1	78%	16608	0.784412482	1	Biologist; Life scientist
61709	61709	77218	15509	1	80%	15509	0.799153047	1	Biomedical engineer
73363	73363	85653	12290	1	86%	12290	0.856514074	1	Biophysicist
62905	62905	81466	18561	1	77%	18561	0.772162620	1	Biotechnologist
43252	43252	52485	9233	1	82%	9233	0.824083071	1	Blacksmith
26388	26388	40571	14183	1	65%	14183	0.650415321	1	Boarding kennel or cattery operator
34608	34608	56628	22020	1	61%	22020	0.611146429	1	Boat builder or repairer; Rigger – boat
56107	56107	88121	32014	1	64%	32014	0.636704077	1	Boatswain; Deckhand; Merchant seaman; Sailor; Seafarer
60843	60843	65842	4999	1	92%	4999	0.924075818	1	Bobcat operator; Front end loader operator
30025	30025	32615	2590	1	92%	2590	0.920588686	1	Body artist; Body piercer; Tattooist
48432	48432	65770	17338	1	74%	17338	0.736384370	1	Body builder – fitness; Sportsperson – other Office managers and
78548	78548	77891	-657	1	101%	-657	1.008434864	1	Boiler attendant; Engine or boiler operator
46933	46933	77010	30077	1	61%	30077	0.609440332	1	Boilermaker; Fabricator – door or window – metal; Metal fabricator
35901	35901	54479	18578	1	66%	18578	0.658987867	1	Book binder; Print finisher
55052	55052	61521	6469	1	89%	6469	0.894848913	1	Book editor; Script editor
45248	45248	41004	-4244	1	110%	-4244	1.103502097	1	Bookkeeper; Registrar – school
34994	34994	84504	49510	1	41%	49510	0.414110575	1	Bookmaker
28660	28660	37981	9321	1	75%	9321	0.754587820	1	Bookmaker’s clerk
59520	59520	77383	17863	1	77%	17863	0.769161185	1	Botanist
27979	27979	30540	2561	1	92%	2561	0.916142764	1	Bottle shop attendant; Cinema attendant – selling food or drink; Cosmetician; Deli assistant; Post office clerk; Retail assistant – general; Retail trainee; Salesperson – general; Shop assistant – gen
31268	31268	33116	1848	1	94%	1848	0.944196159	1	Bouncer; Crowd controller
		81041		1				1	Boxer – sports
48068	48068	71243	23175	1	67%	23175	0.674704883	1	Brewery worker
29114	29114	47207	18093	1	62%	18093	0.616730570	1	Brick handler – brickworks; Kiln hand or labourer
23699	23699	48978	25279	1	48%	25279	0.483870309	1	Bricklayer
43213	43213	49625	6412	1	87%	6412	0.870790932	1	Bricklayer’s labourer; Building construction labourer; Construction worker – general assistant
56616	56616	71966	15350	1	79%	15350	0.786704833	1	Broadcast transmitter operator
61563	61563	69249	7686	1	89%	7686	0.889009228	1	Brothel keeper; Laundrette owner; Marina manager; Nursing agency manager; Owner – taxi; Owner-driver – taxi; Taxi proprietor; Weight loss centre manager
73029	73029	74225	1196	1	98%	1196	0.983886831	1	Builder – professional; Project builder
66628	66628	94463	27835	1	71%	27835	0.705334364	1	Building construction supervisor
61917	61917	79502	17585	1	78%	17585	0.778810596	1	Building inspector
63913	63913	53280	-10633	1	120%	-10633	1.199568318	1	Building insulation installer
78272	78272	88237	9965	1	89%	9965	0.887065517	1	Bulk materials handling plant operator
94739	94739	78262	-16477	1	121%	-16477	1.210536403	1	Bulldozer operator
		34164		1				1	Bungy jump master
52830	52830	73192	20362	1	72%	20362	0.721800197	1	Bus conductor; Train conductor; Tram conductor; Transport conductor
42859	42859	51917	9058	1	83%	9058	0.825529210	1	Bus driver
56451	56451	77050	20599	1	73%	20599	0.732654121	1	Bus inspector; Traffic inspector; Transport operations inspector
82733	82733	100477	17744	1	82%	17744	0.823402371	1	Business analyst
49417	49417	70588	21171	1	70%	21171	0.700076500	1	Business broker; Retail assistant – business broker; Salesperson – business broker
56274	56274	73114	16840	1	77%	16840	0.769674754	1	Business development officer – loans; Credit and loans officer
59466	59466	84844	25378	1	70%	25378	0.700886333	1	Business development officer – marketing; Marketing specialist
36630	36630	47438	10808	1	77%	10808	0.772165774	1	Butcher; Smallgoods maker
39013	39013	47924	8911	1	81%	8911	0.814059761	1	Butler
70710	70710	95527	24817	1	74%	24817	0.740209574	1	Buyer – retail goods; Company rep. – retail buying
25854	25854	24294	-1560	1	106%	-1560	1.064213386	1	Cab driver; Taxi driver
39068	39068	47808	8740	1	82%	8740	0.817185408	1	Cabinet maker; Furniture maker
38650	38650	47168	8518	1	82%	8518	0.819411465	1	Café manager; Canteen manager; Caterer; Restaurant manager
23241	23241	23669	428	1	98%	428	0.981917276	1	Café worker; Cafeteria worker; Canteen assistant; Snack bar assistant
33436	33436	43183	9747	1	77%	9747	0.774286177	1	Cake decorator; Pastry cook
64885	64885	74725	9840	1	87%	9840	0.868317163	1	Call centre manager; Contact centre manager
33103	33103	38328	5225	1	86%	5225	0.863676685	1	Call centre operator – betting; Contact centre operator – betting
42830	42830	47696	4866	1	90%	4866	0.897978866	1	Call centre operator – classified ads; Classified advertising clerk; Contact centre operator – classified ads
39454	39454	40174	720	1	98%	720	0.982077961	1	Call centre operator – inbound calls; Call centre operator – other; Contact centre operator – inbound calls; Contact centre operator – other
26498	26498	27078	580	1	98%	580	0.978580397	1	Call centre operator – outbound calls or telemarketer; Contact centre operator – outbound calls or telemarketer; Telemarketer
58375	58375	65255	6880	1	89%	6880	0.894567466	1	Call centre team leader; Contact centre team leader
43883	43883	61667	17784	1	71%	17784	0.711612370	1	Camera operator – film, television or video; Motion picture camera operator
37126	37126	52637	15511	1	71%	15511	0.705321352	1	Camera repairer
22071	22071	34316	12245	1	64%	12245	0.643169367	1	Cane cutter
22160	22160	47006	24846	1	47%	24846	0.471429179	1	Cane furniture maker; Cooper; Model maker – wood; Wood carver
36513	36513	48093	11580	1	76%	11580	0.759216518	1	Canvas goods maker
30690	30690	31609	919	1	97%	919	0.970926002	1	Car detailer; Car wash attendant; Detailer – vehicle
33232	33232	36082	2850	1	92%	2850	0.921013248	1	Car park attendant
56461	56461	73146	16685	1	77%	16685	0.771894567	1	Car salesperson; Caravan salesperson; Motor vehicle salesperson; New car salesperson; Used car salesperson
43343	43343	51116	7773	1	85%	7773	0.847934111	1	Caravan park manager
59408	59408	82273	22865	1	72%	22865	0.722083794	1	Cardiac technician
215920	215920	453253	237333	1	48%	237333	0.476378535	1	Cardiologist
175500	175500	358043	182543	1	49%	182543	0.490164589	1	Cardiothoracic surgeon
54113	54113	63451	9338	1	85%	9338	0.852831319	1	Careers adviser; Careers counsellor
32619	32619	41065	8446	1	79%	8446	0.794326068	1	Caretaker; Janitor
40726	40726	59381	18655	1	69%	18655	0.685842273	1	Carpenter
36209	36209	59651	23442	1	61%	23442	0.607014132	1	Carpenter and joiner; Shop fitter
25890	25890	35101	9211	1	74%	9211	0.737585824	1	Carpet cleaner
32544	32544	46625	14081	1	70%	14081	0.697994638	1	Carpet layer; Floor finisher; Floor sander and polisher; Floor tile layer – carpet, lino or cork
63610	63610	80842	17232	1	79%	17232	0.786843472	1	Cartographer
32300	32300	46490	14190	1	69%	14190	0.694773069	1	Cash van salesperson
23007	23007	23292	285	1	99%	285	0.987764039	1	Cashier; Casino worker – cashier or cage supervisor
31639	31639	35880	4241	1	88%	4241	0.881800446	1	Casino worker – host; Hospitality employee – other
49998	49998	52653	2655	1	95%	2655	0.949575523	1	Casino worker – surveillance officer; Security guard – other security officer or guard
61291	61291	60972	-319	1	101%	-319	1.005231910	1	Casting director
30567	30567	43114	12547	1	71%	12547	0.708980841	1	Cellarhand – winery; Winery cellarhand
48945	48945	54445	5500	1	90%	5500	0.898980623	1	Cement plant hand or labourer
54927	54927	81826	26899	1	67%	26899	0.671265857	1	Cement production plant operator
24677	24677	57584	32907	1	43%	32907	0.428539178	1	Cement renderer; Concrete plasterer
47277	47277	55833	8556	1	85%	8556	0.846757294	1	Ceramics scientist; Exercise physiologist; Polymer scientist; Sports scientist
66394	66394	80112	13718	1	83%	13718	0.828764729	1	Change management facilitator; Industry analyst; Quality auditor; Skills auditor
26331	26331	31441	5110	1	84%	5110	0.837473363	1	Chaplain; Clergy – member of; Imam; Minister of religion; Missionary; Monk; Priest; Rabbi; Religious leader
34075	34075	41610	7535	1	82%	7535	0.818913723	1	Charter bus driver; Tour bus driver
31589	31589	42320	10731	1	75%	10731	0.746431947	1	Chauffeur; Hire car driver
24688	24688	25688	1000	1	96%	1000	0.961071317	1	Checkout operator; Console operator – service station
41458	41458	59305	17847	1	70%	17847	0.699064160	1	Cheesemaker; Dairy products maker
36804	36804	43672	6868	1	84%	6868	0.842736765	1	Chef
93125	93125	128289	35164	1	73%	35164	0.725900116	1	Chemical engineer
43131	43131	64450	21319	1	67%	21319	0.669216447	1	Chemical plant hand or labourer; Gas or petroleum plant hand or labourer; Paint factory hand or labourer
74644	74644	94896	20252	1	79%	20252	0.786587422	1	Chemical plant operator; Paint maker
52298	52298	67620	15322	1	77%	15322	0.773410234	1	Chemical production machine operator
65835	65835	87628	21793	1	75%	21793	0.751300954	1	Chemist – industrial or research
29987	29987	29095	-892	1	103%	-892	1.030658189	1	Chemist shop assistant; Pharmacy assistant
49659	49659	61959	12300	1	80%	12300	0.801481625	1	Chemistry technician
116855	116855	181849	64994	1	64%	64994	0.642593580	1	Chief executive officer; Executive director; Managing director; Public servant – secretary or deputy secretary
98194	98194	127694	29500	1	77%	29500	0.768978965	1	Chief information officer; IT professional – chief information officer
31428	31428	29696	-1732	1	106%	-1732	1.058324353	1	Child care aide or worker; Creche attendant
55902	55902	84538	28636	1	66%	28636	0.661264757	1	Child care centre director
27884	27884	23700	-4184	1	118%	-4184	1.176540084	1	Child care worker – out of school hours care
28402	28402	32001	3599	1	89%	3599	0.887534765	1	Child minder; Governess – child care; Nanny
34940	34940	40692	5752	1	86%	5752	0.858645434	1	Child or youth residential care assistant
31877	31877	35965	4088	1	89%	4088	0.886333936	1	Chimney sweep; Cleaner – other; Detailer – aircraft
38171	38171	46044	7873	1	83%	7873	0.829011380	1	Chinese medicine practitioner
58838	58838	74993	16155	1	78%	16155	0.784579894	1	Chiropractor
29254	29254	29866	612	1	98%	612	0.979508471	1	Chocolate packer
31840	31840	36404	4564	1	87%	4564	0.874629162	1	Choreographer; Dancer; Stripper – entertainment
21080	21080	25390	4310	1	83%	4310	0.830248129	1	Cinema attendant – ushering; Railway employee – ticket collector; Theatre attendant – ushering; Ticket collector; Usher
44289	44289	51783	7494	1	86%	7494	0.855280691	1	Cinema manager; Theatre manager
34493	34493	59643	25150	1	58%	25150	0.578324363	1	Circus performer; Comedian; Entertainer; Performing artist; Variety artist
25447	25447	53778	28331	1	47%	28331	0.473186061	1	Civil celebrant
77775	77775	115275	37500	1	67%	37500	0.674690956	1	Civil engineer
53707	53707	72624	18917	1	74%	18917	0.739521370	1	Civil engineering draftsperson; Structural draftsperson
60870	60870	84075	23205	1	72%	23205	0.723996432	1	Civil engineering technician or associate
56964	56964	77192	20228	1	74%	20228	0.737952119	1	Claims consultant – insurance; Insurance assessor; Insurance consultant or clerk
31682	31682	41984	10302	1	75%	10302	0.754620808	1	Classer – fruit and vegetable; Egg grader; Product grader
29162	29162	33434	4272	1	87%	4272	0.872225878	1	Cleaner – Commercial; Cleaner – hotel or motel; Office cleaner; School cleaner
24747	24747	29190	4443	1	85%	4443	0.847790339	1	Cleaner – domestic
46693	46693	48591	1898	1	96%	1898	0.960939269	1	Clerk – other; Coding clerk; Exam supervisor
50442	50442	47746	-2696	1	106%	-2696	1.056465463	1	Clerk – typist; Medical typist; Typist; Word processing operator Inquiry clerks and receptionists
55536	55536	73087	17551	1	76%	17551	0.759861535	1	Clerk of court; Court registrar – Children’s Court; Court registrar – County Court; Court registrar – Court of Petty Sessions; Court registrar – District Court; Court registrar – High Court; Court reg
47519	47519	59947	12428	1	79%	12428	0.792683537	1	Client service manager; Customer service manager
50075	50075	59996	9921	1	83%	9921	0.834638976	1	Clinical coder
147970	147970	271738	123768	1	54%	123768	0.544531865	1	Clinical haematologist
65548	65548	82399	16851	1	80%	16851	0.795495091	1	Clinical psychologist
40576	40576	50734	10158	1	80%	10158	0.799779241	1	Clock and watch maker and repairer
29598	29598	34162	4564	1	87%	4564	0.866401265	1	Cloth cutter; Clothing factory hand or labourer; Fabric factory hand or labourer; Textile factory hand or labourer
60543	60543	74687	14144	1	81%	14144	0.810623000	1	Clothing designer; Fashion designer
48465	48465	54780	6315	1	88%	6315	0.884720701	1	Clothing pattern maker; Patternmaker-grader – textiles
56472	56472	72999	16527	1	77%	16527	0.773599638	1	Club licensee; Club manager – licensed club
43243	43243	48694	5451	1	89%	5451	0.888056023	1	Coach driver; Passenger coach driver
91926	91926	118162	26236	1	78%	26236	0.777965844	1	Coal miner; Miner; Mining technician; Opal miner; Prospector
47046	47046	57911	10865	1	81%	10865	0.812384521	1	Commercial artist; Graphic designer
49168	49168	66471	17303	1	74%	17303	0.739690993	1	Commercial traveller; Commission agent – wholesale or retail; Company rep. – non-technical goods and services; Key account manager; Retail assistant – wholesale; Sales consultant – wholesale; Sales re
90810	90810	119385	28575	1	76%	28575	0.760648323	1	Commissioned policy officer; Police inspector
78308	78308	97844	19536	1	80%	19536	0.800335228	1	Commissioner fire officer; Fire investigator
78191	78191	136457	58266	1	57%	58266	0.573008347	1	Commodities broker
54691	54691	74338	19647	1	74%	19647	0.735707175	1	Communications equipment tradesperson; Telecommunications cable jointer or repairer
55282	55282	74450	19168	1	74%	19168	0.742538617	1	Communications officer – installation or maintenance; Telecommunications technician; Telephone technician Food trades workers
68094	68094	83056	14962	1	82%	14962	0.819856482	1	Communications officer – public relations; Media officer; Public relations officer
62754	62754	78575	15821	1	80%	15821	0.798650970	1	Communications operator
37126	37126	37754	628	1	98%	628	0.983366001	1	Community arts worker
36799	36799	39972	3173	1	92%	3173	0.920619434	1	Community support worker
52214	52214	69902	17688	1	75%	17688	0.746960030	1	Company rep. – industrial; Sales representative – industrial products
51379	51379	85506	34127	1	60%	34127	0.600881809	1	Company rep. – insurance; Insurance agent or salesperson; Life assurance representative; Retail assistant – insurance; Sales assistant – insurance
80430	80430	98998	18568	1	81%	18568	0.812440655	1	Company rep. – medical and pharmaceutical products; Sales representative – medical and pharmaceutical products
58777	58777	78187	19410	1	75%	19410	0.751749012	1	Company rep. – real estate; Real estate salesperson
107786	107786	218432	110646	1	49%	110646	0.493453340	1	Company secretary – corporate governance
65567	65567	78712	13145	1	83%	13145	0.832998780	1	Compliance officer – quarantine; Quarantine inspector
49129	49129	67273	18144	1	73%	18144	0.730292985	1	Composer
49699	49699	62103	12404	1	80%	12404	0.800267298	1	Compositor; Desktop publisher; Graphic reproduction tradesperson; Plate maker – newspaper/ printing; Ticket writer; Typesetter
84510	84510	96149	11639	1	88%	11639	0.878948299	1	Computer network and systems engineer
63236	63236	67903	4667	1	93%	4667	0.931269605	1	Computer servicer or technician; IT technician; Poker machine servicer; Radio technician – domestic repairs; Television servicer or repairer; Vending machine servicer; Video technician – repairs
70660	70660	93186	22526	1	76%	22526	0.758268409	1	Computer systems administrator
83411	83411	99128	15717	1	84%	15717	0.841447422	1	Computing professional – other support technicians
91303	91303	105332	14029	1	87%	14029	0.866811605	1	Computing systems analyst; Methods analyst – computing
43593	43593	46912	3319	1	93%	3319	0.929250512	1	Concierge – hotel; Hotel service manager
73178	73178	77066	3888	1	95%	3888	0.949549737	1	Concrete batching plant operator
68747	68747	62350	-6397	1	110%	-6397	1.102598236	1	Concrete mixer driver; Lorry driver; Semi-trailer driver; Transport driver; Truck driver – general
54778	54778	69533	14755	1	79%	14755	0.787798599	1	Concrete products machine operator
43610	43610	70738	27128	1	62%	27128	0.616500325	1	Concrete pump operator
42801	42801	61394	18593	1	70%	18593	0.697152816	1	Concrete worker
54983	54983	60637	5654	1	91%	5654	0.906756601	1	Conductor – music; Music director
46878	46878	60744	13866	1	77%	13866	0.771730541	1	Confectioner
48424	48424	56998	8574	1	85%	8574	0.849573669	1	Conference and event organiser; Functions coordinator
53178	53178	60007	6829	1	89%	6829	0.886196610	1	Conservation officer
59474	59474	70913	11439	1	84%	11439	0.838689662	1	Conservator
56844	56844	79976	23132	1	71%	23132	0.710763229	1	Construction estimator
84450	84450	106796	22346	1	79%	22346	0.790759954	1	Construction project manager; Building and contruction manager
79791	79791	103886	24095	1	77%	24095	0.768063069	1	Consultant – chemical or material engineer
80359	80359	133306	52947	1	60%	52947	0.602816077	1	Consultant – civil engineer
67129	67129	77977	10848	1	86%	10848	0.860882055	1	Consultant – clinical nurse
68277	68277	109670	41393	1	62%	41393	0.622567703	1	Consultant – construction manager
68126	68126	114264	46138	1	60%	46138	0.596215781	1	Consultant – electrical engineer
44893	44893	100716	55823	1	45%	55823	0.445738512	1	Consultant – electronics engineer
93445	93445	118494	25049	1	79%	25049	0.788605330	1	Consultant – engineering Consultant – other
64192	64192	80818	16626	1	79%	16626	0.794278502	1	Consultant – environmental
83026	83026	151599	68573	1	55%	68573	0.547668520	1	Consultant – financial investment
72877	72877	86240	13363	1	85%	13363	0.845048701	1	Consultant – human resources
70432	70432	99222	28790	1	71%	28790	0.709842575	1	Consultant – industrial or mechanical engineer
52016	52016	65080	13064	1	80%	13064	0.799262446	1	Consultant – insurance (clerical)
88972	88972	109728	20756	1	81%	20756	0.810841353	1	Consultant – IT business analyst Apprentice or trainee
93425	93425	130277	36852	1	72%	36852	0.717125817	1	Consultant – management
60268	60268	79397	19129	1	76%	19129	0.759071501	1	Consultant – marketing specialist
72091	72091	124455	52364	1	58%	52364	0.579253545	1	Consultant – medical
80916	80916	118777	37861	1	68%	37861	0.681243002	1	Consultant – medical and pharmaceutical products sales representative
95151	95151	169818	74667	1	56%	74667	0.560311628	1	Consultant – mining engineer
71718	71718	100464	28746	1	71%	28746	0.713867654	1	Consultant – occupational health and safety
73889	73889	98938	25049	1	75%	25049	0.746821242	1	Consultant – public relations professional
50857	50857	72857	22000	1	70%	22000	0.698038624	1	Consultant – recruitment
61343	61343	84009	22666	1	73%	22666	0.730195574	1	Consultant – security
61239	61239	75854	14615	1	81%	14615	0.807327234	1	Consultant – tax accountant
45917	45917	54027	8110	1	85%	8110	0.849889870	1	Consultant – travel
80921	80921	103201	22280	1	78%	22280	0.784110619	1	Consultant – urban and regional planner
35198	35198	60921	25723	1	58%	25723	0.577764646	1	Consultant – weight loss
62674	62674	75024	12350	1	84%	12350	0.835386010	1	Consultant – workplace relations
30904	30904	35926	5022	1	86%	5022	0.860212659	1	Container filler
50883	50883	66538	15655	1	76%	15655	0.764720911	1	Continuity person; Microphone boom operator; Performing arts road manager; Special effects person; Theatrical dresser
65765	65765	92471	26706	1	71%	26706	0.711195943	1	Contract administrator
51831	51831	66351	14520	1	78%	14520	0.781163811	1	Conveyancer
31169	31169	33148	1979	1	94%	1979	0.940298057	1	Cook Skilled animal and
43009	43009	60472	17463	1	71%	17463	0.711221722	1	Coppersmith; Sheetmetal trades worker
50496	50496	71175	20679	1	71%	20679	0.709462592	1	Copywriter
79406	79406	122695	43289	1	65%	43289	0.647182037	1	Corporate general manager
88877	88877	123449	34572	1	72%	34572	0.719949129	1	Corporate services manager
107152	107152	165178	58026	1	65%	58026	0.648706244	1	Corporate treasurer; Financial risk analyst; Financial risk manager
64768	64768	65329	561	1	99%	561	0.991412696	1	Cost clerk
34750	34750	41336	6586	1	84%	6586	0.840671570	1	Costume maker; Dressmaker; Tailor; Wardrobe coordinator or assistant
33645	33645	63757	30112	1	53%	30112	0.527706762	1	Cotton grower
51929	51929	62527	10598	1	83%	10598	0.830505222	1	Councillor; Local government legislator
61968	61968	79081	17113	1	78%	17113	0.783601624	1	Counselling psychologist; Psychologist – other; Sports psychologist
46879	46879	55932	9053	1	84%	9053	0.838142745	1	Counsellor – other
34574	34574	41683	7109	1	83%	7109	0.829450855	1	Courier; Messenger
52295	52295	60030	7735	1	87%	7735	0.871147759	1	Court bailiff or sheriff
44835	44835	52610	7775	1	85%	7775	0.852214408	1	Court orderly
57212	57212	65138	7926	1	88%	7926	0.878319875	1	Court reporter; Hansard reporter; Machine shorthand reporter
47126	47126	76650	29524	1	61%	29524	0.614820613	1	Crane chaser
57575	57575	102644	45069	1	56%	45069	0.560919294	1	Crane operator; Hoist operator; Lift operator; Oil rig worker – operating crane
42744	42744	257527	214783	1	17%	214783	0.165978713	1	Cricketer
17357	17357	25652	8295	1	68%	8295	0.676633401	1	Crossing supervisor; Crosswalk attendant
37788	37788	47548	9760	1	79%	9760	0.794733743	1	Curtain installer; Installer – home improvements; Security door installer
32633	32633	37652	5019	1	87%	5019	0.866700308	1	Curtain maker; Sewing machinist; Textile sewing machinist
58074	58074	82678	24604	1	70%	24604	0.702411766	1	Customs agent; Import-export clerk
68154	68154	89093	20939	1	76%	20939	0.764975924	1	Customs investigator or officer
32841	32841	29829	-3012	1	110%	-3012	1.100975561	1	Cyclist
37609	37609	46833	9224	1	80%	9224	0.803044862	1	Dairy cattle farmer or farm overseer
26126	26126	35866	9740	1	73%	9740	0.728433614	1	Dairy farm employee; Drover – dairy cattle; Jackeroo – dairy cattle; Jillaroo – dairy cattle; Stationhand – dairy cattle
46178	46178	56685	10507	1	81%	10507	0.814642322	1	Dairy quality assurance inspector; Fruit and vegetable inspector
33149	33149	55520	22371	1	60%	22371	0.597064121	1	Dark room attendant; Photographic developer and printer; Photographic laboratory assistant
37956	37956	39918	1962	1	95%	1962	0.950849241	1	Data entry operator; Data processing operator; Keyboard operator
55436	55436	87217	31781	1	64%	31781	0.635610030	1	Database administrator
44537	44537	49268	4731	1	90%	4731	0.903974182	1	Debt collector
28698	28698	37640	8942	1	76%	8942	0.762433581	1	Decorator – floral; Florist
13307	13307	42582	29275	1	31%	29275	0.312502936	1	Deer farmer or farm overseer
31360	31360	37757	6397	1	83%	6397	0.830574463	1	Delivery driver; Pizza deliverer; Taxi-truck driver; Van driver
35900	35900	33759	-2141	1	106%	-2141	1.063420125	1	Dental assistant; Dental nurse
60469	60469	70903	10434	1	85%	10434	0.852841206	1	Dental hygienist
43789	43789	60001	16212	1	73%	16212	0.729804503	1	Dental mechanic or technician
48929	48929	73855	24926	1	66%	24926	0.662500846	1	Dental prosthetist
140505	140505	253442	112937	1	55%	112937	0.554387197	1	Dental specialist
55979	55979	71961	15982	1	78%	15982	0.777907478	1	Dental therapist
105721	105721	146865	41144	1	72%	41144	0.719851564	1	Dentist
195030	195030	383880	188850	1	51%	188850	0.508049390	1	Dermatologist
84028	84028	97404	13376	1	86%	13376	0.862675044	1	Detective – police
180695	180695	386003	205308	1	47%	205308	0.468118123	1	Diagnostic and interventional radiologist
41472	41472	63262	21790	1	66%	21790	0.655559420	1	Die maker; Toolmaker
39523	39523	55667	16144	1	71%	16144	0.709989761	1	Die setter – plastics; Model maker – plastic; Plastics press machine operator
52177	52177	60377	8200	1	86%	8200	0.864186694	1	Dietitian
61218	61218	69358	8140	1	88%	8140	0.882637908	1	Director – film and video editor; Film editor; Video editor
48477	48477	71983	23506	1	67%	23506	0.673450676	1	Director of photography
37189	37189	42048	4859	1	88%	4859	0.884441591	1	Disabilities support officer
33778	33778	40905	7127	1	83%	7127	0.825767021	1	Disc jockey – nightclub
25404	25404	20427	-4977	1	124%	-4977	1.243648113	1	Dishwasher; Kitchen hand; Sandwich hand
51662	51662	57715	6053	1	90%	6053	0.895122585	1	Distance education teacher; Migrant teacher
		57317		1				1	Distiller
33709	33709	82890	49181	1	41%	49181	0.406671492	1	Diver (open water)
32366	32366	44433	12067	1	73%	12067	0.728422569	1	Diversional therapist
29145	29145	41253	12108	1	71%	12108	0.706494073	1	Diving instructor (open water)
118310	118310	187468	69158	1	63%	69158	0.631094373	1	Doctor – medical practitioner – other; Occupational medicine specialist; Public health physician; Sports physician
31876	31876	51766	19890	1	62%	19890	0.615770969	1	Dog handler or trainer
21706	21706	25336	3630	1	86%	3630	0.856725608	1	Door-to-door salesperson
47094	47094	60319	13225	1	78%	13225	0.780749018	1	Drainage, sewerage and stormwater labourer
60324	60324	70498	10174	1	86%	10174	0.855683849	1	Drainer; Plumber – drainer
46750	46750	47744	994	1	98%	994	0.979180630	1	Drama teacher – private
		100355		1				1	Dredge operator
75535	75535	98869	23334	1	76%	23334	0.763990735	1	Driller’s assistant
105800	105800	109866	4066	1	96%	4066	0.962991280	1	Drilling plant operator; Oil rig worker – driller
21709	21709	23567	1858	1	92%	1858	0.921160945	1	Drink waiter; Host – dining room; Steward – food and beverage; Waiter; Waitress
39733	39733	51789	12056	1	77%	12056	0.767209253	1	Driving instructor
28329	28329	34552	6223	1	82%	6223	0.819894652	1	Drover – mixed livestock; Jackeroo – mixed livestock; Jillaroo – mixed livestock; Livestock farm worker – mixed livestock; Stationhand – mixed livestock
29865	29865	38947	9082	1	77%	9082	0.766811308	1	Drover – other livestock; Farm hand – other livestock; Jackeroo – other livestock; Jillaroo – other livestock; Stationhand – other livestock
22837	22837	31525	8688	1	72%	8688	0.724409199	1	Drover – sheep; Jackeroo – sheep; Jillaroo – sheep; Sheep farm worker; Stationhand – sheep
42966	42966	45942	2976	1	94%	2976	0.935222672	1	Drug and alcohol counsellor
32202	32202	39111	6909	1	82%	6909	0.823348930	1	Drycleaner
50048	50048	63884	13836	1	78%	13836	0.783419949	1	Earth science technician; Soil technician
42766	42766	56828	14062	1	75%	14062	0.752551559	1	Earthmoving labourer; Grave digger; Labourer – digging
91602	91602	84566	-7036	1	108%	-7036	1.083201287	1	Earthmoving plant operator – general
50246	50246	73561	23315	1	68%	23315	0.683052161	1	Ecologist – animal; Zoologist
62741	62741	79727	16986	1	79%	16986	0.786947960	1	Ecologist – forestry; Forest ranger; Forester – scientist
101533	101533	148478	46945	1	68%	46945	0.683825213	1	Economist
60825	60825	72831	12006	1	84%	12006	0.835152614	1	Education advisor
48576	48576	50731	2155	1	96%	2155	0.957521042	1	Education reviewer
65538	65538	79707	14169	1	82%	14169	0.822236441	1	Educational psychologist
27807	27807	35891	8084	1	77%	8084	0.774762475	1	Electoral officer; Forms designer; Knowledge manager; Lobbyist; Museum registrar
46996	46996	46883	-113	1	100%	-113	1.002410255	1	Electorate officer
72886	72886	87740	14854	1	83%	14854	0.830704354	1	Electrical appliance servicer; Electrical fitter; Electrical mechanic; Electrician – general; Mechanic – electrical; Repairer – electrical appliances; Servicer – electrical appliances
84868	84868	112586	27718	1	75%	27718	0.753805979	1	Electrical engineer
60952	60952	82301	21349	1	74%	21349	0.740598535	1	Electrical engineering draftsperson
50945	50945	89750	38805	1	57%	38805	0.567632312	1	Electrical engineering technician; Electrical tester; Electronics tester
48229	48229	94793	46564	1	51%	46564	0.508782294	1	Electrical lines worker
41662	41662	55135	13473	1	76%	13473	0.755636166	1	Electrical trades assistant or labourer; Electrician’s assistant; Telecommunications trades assistant
56381	56381	84698	28317	1	67%	28317	0.665670972	1	Electronic engineering draftsperson
52697	52697	74223	21526	1	71%	21526	0.709982081	1	Electronic engineering technician
50831	50831	82057	31226	1	62%	31226	0.619459644	1	Electronic instrument fitter or technician
76431	76431	94159	17728	1	81%	17728	0.811722724	1	Electronics engineer
41155	41155	52976	11821	1	78%	11821	0.776861220	1	Electroplater
165786	165786	232595	66809	1	71%	66809	0.712766826	1	Emergency medicine specialist
62695	62695	93665	30970	1	67%	30970	0.669353547	1	Emergency service worker
44652	44652	48412	3760	1	92%	3760	0.922333306	1	Employment office clerk; Human resource clerk; Personnel records clerk
174542	174542	258972	84430	1	67%	84430	0.673980199	1	Endocrinologist
100617	100617	130533	29916	1	77%	29916	0.770816575	1	Engineer – other professional
116732	116732	150325	33593	1	78%	33593	0.776530850	1	Engineering manager
57031	57031	71282	14251	1	80%	14251	0.800075755	1	Engineering patternmaker
72158	72158	97113	24955	1	74%	24955	0.743031314	1	Engineering technologist
45284	45284	47743	2459	1	95%	2459	0.948495067	1	English language teacher
34799	34799	46615	11816	1	75%	11816	0.746519361	1	Engraver
40865	40865	45640	4775	1	90%	4775	0.895376862	1	Enrolled nurse; Student enrolled nurse
66818	66818	81101	14283	1	82%	14283	0.823886265	1	Environmental adviser; Environmental auditor; Environmental consultant; Environmental officer
80833	80833	96527	15694	1	84%	15694	0.837413366	1	Environmental engineer
85396	85396	103979	18583	1	82%	18583	0.821281220	1	Environmental manager
75697	75697	97671	21974	1	78%	21974	0.775020221	1	Environmental scientist
56096	56096	78405	22309	1	72%	22309	0.715464575	1	Equipment hire manager
101461	101461	245826	144365	1	41%	144365	0.412735024	1	Equities analyst; Investment dealer
25958	25958	41975	16017	1	62%	16017	0.618415724	1	Escort service; Prostitute; Sex worker
45047	45047	46457	1410	1	97%	1410	0.969649353	1	ESL teacher; Teacher of English to speakers of other languages
88025	88025	70210	-17815	1	125%	-17815	1.253738784	1	Excavator operator
57362	57362	68352	10990	1	84%	10990	0.839214654	1	Executive assistant; Personal assistant
58216	58216	49411	-8805	1	118%	-8805	1.178199186	1	Exhaust and muffler repairer
55834	55834	76789	20955	1	73%	20955	0.727109352	1	Exporter; Importer
61222	61222	71595	10373	1	86%	10373	0.855115581	1	External auditor
49711	49711	57480	7769	1	86%	7769	0.864839944	1	Facilities administrator
68720	68720	83826	15106	1	82%	15106	0.819793382	1	Facilities manager
52018	52018	73246	21228	1	71%	21228	0.710182126	1	Factory manager; Manufacturer
100790	100790	120624	19834	1	84%	19834	0.835571694	1	Faculty head; Head of school – TAFE
43405	43405	47276	3871	1	92%	3871	0.918119130	1	Family and marriage counsellor
33607	33607	34230	623	1	98%	623	0.981799591	1	Family day care worker
38450	38450	43977	5527	1	87%	5527	0.874320668	1	Family support worker
23851	23851	33484	9633	1	71%	9633	0.712310357	1	Farm hand – other; Weed controller
25994	25994	39997	14003	1	65%	14003	0.649898742	1	Farm machinery operator; Harvester operator – agricultural; Tractor operator
64693	64693	64434	-259	1	100%	-259	1.004019617	1	Farmer or farm overseer – mixed crop
39986	39986	48979	8993	1	82%	8993	0.816390698	1	Farmer or farm overseer – mixed livestock
44044	44044	60362	16318	1	73%	16318	0.729664358	1	Farmer or farm overseer – other crop; Tobacco grower
43748	43748	72349	28601	1	60%	28601	0.604680092	1	Farmer or farm overseer – other livestock
19743	19743	35901	16158	1	55%	16158	0.549928971	1	Farrier
20575	20575	18988	-1587	1	108%	-1587	1.083579103	1	Fast food cook; Fish and chip cook; Hamburger cook or maker; Pizza chef or maker; Short order cook
42694	42694	49672	6978	1	86%	6978	0.859518441	1	Faults consultant – taking reports of faults; Inquiry clerk
33893	33893	43855	9962	1	77%	9962	0.772842321	1	Fellmongery hand or labourer; Tannery hand or labourer
27707	27707	41266	13559	1	67%	13559	0.671424417	1	Fence erector
40181	40181	53808	13627	1	75%	13627	0.746747696	1	Fettler; Iron worker; Metal worker
40642	40642	51492	10850	1	79%	10850	0.789287656	1	Fibreglasser
34166	34166	31851	-2315	1	107%	-2315	1.072682176	1	Filing clerk
87649	87649	86742	-907	1	101%	-907	1.010456296	1	Film director; Radio director; Stage director; Television director
59689	59689	98184	38495	1	61%	38495	0.607930009	1	Finance broker
98525	98525	162904	64379	1	60%	64379	0.604804056	1	Finance manager; Financial controller
76563	76563	115110	38547	1	67%	38547	0.665129007	1	Financial adviser; Financial planner
134481	134481	288790	154309	1	47%	154309	0.465670556	1	Financial investment manager
61116	61116	81765	20649	1	75%	20649	0.747459182	1	Fire brigade officer; Fire fighter; Fire risk assessor
46180	46180	69634	23454	1	66%	23454	0.663181779	1	Fire protection equipment technician
82020	82020	99961	17941	1	82%	17941	0.820520003	1	Fire safety officer; Safety inspector
86925	86925	106728	19803	1	81%	19803	0.814453564	1	Fireperson – railway or locomotive; Locomotive driver; Train driver
34941	34941	43506	8565	1	80%	8565	0.803130603	1	First aid trainer
61681	61681	77915	16234	1	79%	16234	0.791644741	1	Fisheries officer
44203	44203	38063	-6140	1	116%	-6140	1.161311510	1	Fishing guide
39387	39387	54091	14704	1	73%	14704	0.728161801	1	Fishing hand
45112	45112	55841	10729	1	81%	10729	0.807865189	1	Fitness centre manager
68746	68746	94739	25993	1	73%	25993	0.725635694	1	Fitter
60298	60298	81652	21354	1	74%	21354	0.738475481	1	Fitter and turner
25721	25721	75162	49441	1	34%	49441	0.342207498	1	Fitter-welder
64369	64369	81086	16717	1	79%	16717	0.793836174	1	Fleet manager
29333	29333	42414	13081	1	69%	13081	0.691587683	1	Floor tiler – ceramic, slate or clay; Tiler; Wall tiler
24723	24723	37358	12635	1	66%	12635	0.661785963	1	Flower grower
50602	50602	72117	21515	1	70%	21515	0.701665349	1	Flying instructor
40703	40703	52077	11374	1	78%	11374	0.781592642	1	Food processing machine operator
57619	57619	75609	17990	1	76%	17990	0.762065363	1	Food technologist
32435	32435	111068	78633	1	29%	78633	0.292028307	1	Footballer; Soccer player
34065	34065	36407	2342	1	94%	2342	0.935671711	1	Footwear factory hand or labourer
38401	38401	46001	7600	1	83%	7600	0.834786200	1	Footwear production machine operator
29046	29046	48530	19484	1	60%	19484	0.598516382	1	Forestry labourer; Logging worker – forestry
74667	74667	86581	11914	1	86%	11914	0.862394752	1	Forestry production manager
48445	48445	50619	2174	1	96%	2174	0.957051700	1	Forklift driver
71288	71288	87490	16202	1	81%	16202	0.814813121	1	Fraud investigator; Inspector – other regulatory; Investigator – other government
30599	30599	44955	14356	1	68%	14356	0.680658436	1	French polisher; Furniture finisher
27180	27180	33512	6332	1	81%	6332	0.811052757	1	Fruit and vegetable factory worker
22728	22728	27840	5112	1	82%	5112	0.816379310	1	Fruit and vegetable packer
19704	19704	25572	5868	1	77%	5868	0.770530267	1	Fruit or nut farm worker
28616	28616	40910	12294	1	70%	12294	0.699486678	1	Fruit or nut grower; Market gardener – fruit
13817	13817	16490	2673	1	84%	2673	0.837901759	1	Fruit or nut picker
65323	65323	179156	113833	1	36%	113833	0.364615196	1	Funds administrator; Stockbroking clerk
43105	43105	43935	830	1	98%	830	0.981108456	1	Funeral attendant
58102	58102	73054	14952	1	80%	14952	0.795329482	1	Funeral director; Undertaker
53732	53732	71879	18147	1	75%	18147	0.747534050	1	Furniture designer; Industrial designer
42623	42623	35220	-7403	1	121%	-7403	1.210193072	1	Furniture packer; Furniture removalist – driver; Removalist
281600	281600	264830	-16770	1	106%	-16770	1.063323642	1	Futures trader
55884	55884	66240	10356	1	84%	10356	0.843659420	1	Gallery curator; Museum curator
34470	34470	37096	2626	1	93%	2626	0.929210697	1	Gallery or museum guide; Museum or gallery guide
41642	41642	45920	4278	1	91%	4278	0.906837979	1	Gallery or museum technician; Gallery technician; Museum technician; Taxidermist
52643	52643	62732	10089	1	84%	10089	0.839172990	1	Games programmer; Multimedia specialist
39619	39619	45965	6346	1	86%	6346	0.861938431	1	Gaming worker
31906	31906	34126	2220	1	93%	2220	0.934946961	1	Garage attendant; Service station attendant
40554	40554	54352	13798	1	75%	13798	0.746136297	1	Garage mechanic; Motor mechanic – petrol
36545	36545	55379	18834	1	66%	18834	0.659907185	1	Garbage collector; Rubbish or recycling collector
28702	28702	34242	5540	1	84%	5540	0.838210385	1	Garden labourer; Lawn mower
34770	34770	42445	7675	1	82%	7675	0.819177759	1	Gardener – general; Horticulturist – general gardening
106000	106000	127420	21420	1	83%	21420	0.831894522	1	Gas or petroleum plant operator
65823	65823	72873	7050	1	90%	7050	0.903256350	1	Gasfitter; Plumber – gasfitter
260925	260925	415192	154267	1	63%	154267	0.628444190	1	Gastroenterologist
42602	42602	56795	14193	1	75%	14193	0.750101241	1	Gem cutter and polisher; Goldsmith; Jeweller; Silversmith
129834	129834	184639	54805	1	70%	54805	0.703177552	1	General medical practitioner
51378	51378	64990	13612	1	79%	13612	0.790552393	1	Genetic counsellor
59909	59909	75861	15952	1	79%	15952	0.789720673	1	Geographer; Social scientist
64796	64796	82022	17226	1	79%	17226	0.789983175	1	Geographic information systems manager; Spatial scientist – other
97453	97453	141307	43854	1	69%	43854	0.689654440	1	Geologist
117575	117575	164930	47355	1	71%	47355	0.712878191	1	Geophysicist
82949	82949	105900	22951	1	78%	22951	0.783276676	1	Geotechnical engineer
46786	46786	65931	19145	1	71%	19145	0.709620664	1	Glass blower; Hide or skin classer; Model maker – architectural
49975	49975	65915	15940	1	76%	15940	0.758173405	1	Glass machine operator; Glassware maker
50478	50478	50799	321	1	99%	321	0.993680978	1	Glass plant hand or labourer
33173	33173	52476	19303	1	63%	19303	0.632155652	1	Glazier
32761	32761	33284	523	1	98%	523	0.984286744	1	Goat farmer or farm overseer
33881	33881	43660	9779	1	78%	9779	0.776019240	1	Golfer
47189	47189	53120	5931	1	89%	5931	0.888347139	1	Governess – teaching (pre-primary); Kindergarten teacher; Pre-school teacher
58777	58777	67413	8636	1	87%	8636	0.871894145	1	Governess – teaching (primary level); Infant school teacher; Primary school teacher
64600	64600	72085	7485	1	90%	7485	0.896164251	1	Governess – teaching (secondary level); High school teacher; Secondary school teacher
47094	47094	73972	26878	1	64%	26878	0.636646299	1	Grader operator
60150	60150	60279	129	1	100%	129	0.997859951	1	Grain and livestock farmer or farm oveseer; Grazier; Livestock and mixed crop farmer or farm overseer
31215	31215	52707	21492	1	59%	21492	0.592236325	1	Grain mill worker; Miller – flour or grain
27256	27256	36185	8929	1	75%	8929	0.753240293	1	Grain, oilseed or pasture farm worker
50691	50691	58055	7364	1	87%	7364	0.873154767	1	Grain, oilseed or pasture grower
42786	42786	55954	13168	1	76%	13168	0.764663831	1	Grape grower; Viticulturist
33622	33622	43907	10285	1	77%	10285	0.765754891	1	Greenkeeper; Groundsperson; Horticulturist – greenkeeping
68690	68690	77453	8763	1	89%	8763	0.886860419	1	Guard – prison; Prison officer or warder
36553	36553	50461	13908	1	72%	13908	0.724381205	1	Gunsmith
38098	38098	33344	-4754	1	114%	-4754	1.142574376	1	Gymnast
23521	23521	30453	6932	1	77%	6932	0.772370538	1	Gymnastics coach or instructor
264628	264628	446507	181879	1	59%	181879	0.592662601	1	Gynaecologist; Obstetrician
28753	28753	37660	8907	1	76%	8907	0.763489113	1	Handyperson
35437	35437	50113	14676	1	71%	14676	0.707141859	1	Hat maker; Milliner
63941	63941	87027	23086	1	73%	23086	0.734726005	1	Health and welfare service manager – other
65412	65412	88770	23358	1	74%	23358	0.736870564	1	Health information manager
59586	59586	83431	23845	1	71%	23845	0.714194964	1	Health inspector
68452	68452	94104	25652	1	73%	25652	0.727407974	1	Health practice manager
49436	49436	62388	12952	1	79%	12952	0.792395974	1	Health promotion officer
74416	74416	107162	32746	1	69%	32746	0.694425263	1	Helicopter pilot
25120	25120	27861	2741	1	90%	2741	0.901618750	1	Herbalist; Masseur or masseuse – other
36432	36432	45399	8967	1	80%	8967	0.802484636	1	Hide and skin processing machine operator
53315	53315	65793	12478	1	81%	12478	0.810344566	1	Historian
32132	32132	44301	12169	1	73%	12169	0.725310941	1	Homeopath
32772	32772	47265	14493	1	69%	14493	0.693367185	1	Horse breaker or trainer; Stable manager
34924	34924	55914	20990	1	62%	20990	0.624602067	1	Horse breeder
24509	24509	39274	14765	1	62%	14765	0.624051535	1	Horse riding coach or instructor
35620	35620	47504	11884	1	75%	11884	0.749831593	1	Horticulturist – nursery; Nurseryperson
38260	38260	43105	4845	1	89%	4845	0.887600046	1	Hospital orderly; Theatre attendant – medical; Ward assistant
66699	66699	75231	8532	1	89%	8532	0.886589305	1	Hospital pharmacist
48419	48419	53063	4644	1	91%	4644	0.912481390	1	Hostel manager; Lodge manager
33007	33007	37079	4072	1	89%	4072	0.890180426	1	Hostel parent
52039	52039	66061	14022	1	79%	14022	0.787741633	1	Hotel manager; Motel manager
32462	32462	32819	357	1	99%	357	0.989122155	1	Hotel receptionist; Motel receptionist
32885	32885	45621	12736	1	72%	12736	0.720830319	1	House painter; Painter and decorator; Paperhanger
27780	27780	26771	-1009	1	104%	-1009	1.037690038	1	Housekeeper – commercial
24862	24862	22448	-2414	1	111%	-2414	1.107537420	1	Housekeeper – domestic
101256	101256	130555	29299	1	78%	29299	0.775581173	1	Human resource manager; Industrial relations manager; Personnel and industrial relations manager
66621	66621	85641	19020	1	78%	19020	0.777910113	1	Human resource officer; Personnel officer; Recruitment officer
42244	42244	42953	709	1	98%	709	0.983493586	1	Hunter-trapper; Shooter or trapper
		64231		1				1	Hunting guide
44209	44209	57637	13428	1	77%	13428	0.767024654	1	Illustrator
65723	65723	74921	9198	1	88%	9198	0.877230683	1	Immigration officer
80496	80496	100759	20263	1	80%	20263	0.798896377	1	Industrial engineer
87460	87460	105157	17697	1	83%	17697	0.831708778	1	Industrial pharmacist
72172	72172	89032	16860	1	81%	16860	0.810629886	1	Industrial relations officer; Workplace relations adviser
66982	66982	125469	58487	1	53%	58487	0.533852984	1	Insurance broker
62783	62783	77424	14641	1	81%	14641	0.810898429	1	Insurance investigator
61100	61100	89605	28505	1	68%	28505	0.681881591	1	Insurance loss adjuster
82355	82355	109565	27210	1	75%	27210	0.751654269	1	Insurance risk surveyor
29453	29453	30323	870	1	97%	870	0.971308907	1	Integration aide (schools)
71403	71403	88081	16678	1	81%	16678	0.810651559	1	Intelligence officer
169369	169369	308033	138664	1	55%	138664	0.549840439	1	Intensive care specialist
51211	51211	55339	4128	1	93%	4128	0.925405230	1	Interior decorator
51702	51702	67976	16274	1	76%	16274	0.760591974	1	Interior designer
79833	79833	98558	18725	1	81%	18725	0.810010349	1	Internal auditor
36587	36587	42556	5969	1	86%	5969	0.859737757	1	Interpreter
72428	72428	85451	13023	1	85%	13023	0.847596868	1	Investigator – police; Police officer
99997	99997	286530	186533	1	35%	186533	0.348993125	1	Investment broker
26789	26789	25177	-1612	1	106%	-1612	1.064026691	1	Ironer or presser – laundry
87674	87674	113716	26042	1	77%	26042	0.770990890	1	IT account manager
81615	81615	94742	13127	1	86%	13127	0.861444766	1	IT business analyst
101540	101540	127050	25510	1	80%	25510	0.799212908	1	IT business development manager
51306	51306	55355	4049	1	93%	4049	0.926853943	1	IT customer support officer; IT help desk officer
51614	51614	56929	5315	1	91%	5315	0.906638093	1	IT hardware technician
103405	103405	121031	17626	1	85%	17626	0.854367889	1	IT manager – other
67861	67861	76733	8872	1	88%	8872	0.884378299	1	IT network administrator
71274	71274	91080	19806	1	78%	19806	0.782542819	1	IT network analyst
93908	93908	118032	24124	1	80%	24124	0.795614749	1	IT project manager; Data processing manager
69125	69125	88200	19075	1	78%	19075	0.783730159	1	IT quality assurance engineer
37998	37998	47952	9954	1	79%	9954	0.792417417	1	IT sales assistant
66231	66231	93644	27413	1	71%	27413	0.707263679	1	IT sales representative
84605	84605	104294	19689	1	81%	19689	0.811216369	1	IT security specialist
64829	64829	75838	11009	1	85%	11009	0.854835307	1	IT support engineer
69987	69987	80441	10454	1	87%	10454	0.870041397	1	IT systems test engineer
64043	64043	71733	7690	1	89%	7690	0.892796900	1	IT trainer
45031	45031	55174	10143	1	82%	10143	0.816163410	1	Jewellery designer
41950	41950	54286	12336	1	77%	12336	0.772759091	1	Jockey
41121	41121	48963	7842	1	84%	7842	0.839838245	1	Joiner; Wardrobe builder
33459	33459	52121	18662	1	64%	18662	0.641948543	1	Judge – horse or dog racing; Racecourse official; Steward – racing
355844	355844	381323	25479	1	93%	25479	0.933182630	1	Judge – law
29029	29029	36043	7014	1	81%	7014	0.805399107	1	Kindergarten assistant; Pre-school aide
33584	33584	45569	11985	1	74%	11985	0.736992254	1	Knitting machine operator
61067	61067	84514	23447	1	72%	23447	0.722566675	1	Laboratory manager
53358	53358	68541	15183	1	78%	15183	0.778482952	1	Lagger
70712	70712	70592	-120	1	100%	-120	1.001699909	1	Land economist
57895	57895	63200	5305	1	92%	5305	0.916060127	1	Landscape architect
35684	35684	42244	6560	1	84%	6560	0.844711675	1	Landscape gardener
32257	32257	34516	2259	1	93%	2259	0.934552092	1	Laundry worker
47892	47892	49930	2038	1	96%	2038	0.959182856	1	Law clerk; Legal and related clerks
99891	99891	138379	38488	1	72%	38488	0.721865312	1	Lawyer; Solicitor
23792	23792	27148	3356	1	88%	3356	0.876381317	1	Lay preacher; Religious assistant
16620	16620	24109	7489	1	69%	7489	0.689369115	1	Leaflet or newspaper deliverer
30904	30904	39864	8960	1	78%	8960	0.775235802	1	Leather goods maker
52918	52918	76823	23905	1	69%	23905	0.688830168	1	Legal executive; Paralegal
47333	47333	44480	-2853	1	106%	-2853	1.064141187	1	Legal secretary General clerical workers
52044	52044	67479	15435	1	77%	15435	0.771262170	1	Liaison officer
59553	59553	67121	7568	1	89%	7568	0.887248402	1	Librarian
36813	36813	33271	-3542	1	111%	-3542	1.106459078	1	Library assistant
44307	44307	50338	6031	1	88%	6031	0.880189916	1	Library officer; Library technician
43270	43270	51376	8106	1	84%	8106	0.842222049	1	Life science technician
24334	24334	29329	4995	1	83%	4995	0.829690750	1	Lifeguard; Swimming pool attendant – lifeguard
48968	48968	89590	40622	1	55%	40622	0.546578859	1	Lift mechanic
41936	41936	53925	11989	1	78%	11989	0.777672694	1	Lighting technician
32896	32896	57375	24479	1	57%	24479	0.573350763	1	Linemarker
27282	27282	39880	12598	1	68%	12598	0.684102307	1	Livestock and mixed crop farm worker
41088	41088	51862	10774	1	79%	10774	0.792256373	1	Locksmith
26170	26170	46975	20805	1	56%	20805	0.557104843	1	Logging assistant; Saw operator – chainsaw
57886	57886	67647	9761	1	86%	9761	0.855706831	1	Logging plant operator
260161	260161	246737	-13424	1	105%	-13424	1.054406109	1	Magistrate
40618	40618	47799	7181	1	85%	7181	0.849766732	1	Mail clerk
34490	34490	43305	8815	1	80%	8815	0.796443829	1	Mailing service hand or labourer; Rag cutter
77766	77766	87844	10078	1	89%	10078	0.885273895	1	Maintenance planner
34466	34466	42689	8223	1	81%	8223	0.807374265	1	Make-up artist
80298	80298	102563	22265	1	78%	22265	0.782913916	1	Management accountant
43322	43322	59302	15980	1	73%	15980	0.730531854	1	Manager – grocery – supermarket; Retail supervisor
94463	94463	109113	14650	1	87%	14650	0.865735522	1	Manufacturing company manager; Publishing director
55762	55762	88790	33028	1	63%	33028	0.628021174	1	Marine biologist
79762	79762	107488	27726	1	74%	27726	0.742054927	1	Marine certification and surveillance manager; Marine safety officer; Ship’s purser
86495	86495	127098	40603	1	68%	40603	0.680537853	1	Marine engineer
54757	54757	111025	56268	1	49%	56268	0.493195226	1	Marine engineer surveyor
90354	90354	133263	42909	1	68%	42909	0.678012652	1	Marine navigator; Ship’s officer
73593	73593	88468	14875	1	83%	14875	0.831860108	1	Marine steward; Railway employee – steward
34510	34510	48390	13880	1	71%	13880	0.713163877	1	Market gardener – vegetables; Vegetable grower
62284	62284	81170	18886	1	77%	18886	0.767327830	1	Market research analyst
27108	27108	26406	-702	1	103%	-702	1.026584867	1	Market research interviewer
24798	24798	29328	4530	1	85%	4530	0.845540098	1	Massage therapist; Masseur or masseuse – therapeutic, remedial; Myotherapist
83428	83428	75589	-7839	1	110%	-7839	1.103705566	1	Master fisher
74623	74623	100648	26025	1	74%	26025	0.741425562	1	Materials engineer
41919	41919	46217	4298	1	91%	4298	0.907003916	1	Materials recycler; Motor vehicle wrecker; Scrap merchant
73564	73564	93319	19755	1	79%	19755	0.788306776	1	Mathematician
39347	39347	45663	6316	1	86%	6316	0.861682325	1	Meat boner and slicer; Saw operator – meat
49275	49275	68097	18822	1	72%	18822	0.723600159	1	Meat inspector
34581	34581	32935	-1646	1	105%	-1646	1.049977228	1	Meat packer
33034	33034	47826	14792	1	69%	14792	0.690712165	1	Mechanic’s assistant
82251	82251	101753	19502	1	81%	19502	0.808339803	1	Mechanical engineer
57394	57394	74778	17384	1	77%	17384	0.767525208	1	Mechanical engineering draftsperson
63914	63914	86556	22642	1	74%	22642	0.738412126	1	Mechanical engineering technician or associate
47743	47743	80387	32644	1	59%	32644	0.593914439	1	Medical administrator
63736	63736	83778	20042	1	76%	20042	0.760772518	1	Medical laboratory scientist
45356	45356	54240	8884	1	84%	8884	0.836209440	1	Medical laboratory technician
208612	208612	322178	113566	1	65%	113566	0.647505416	1	Medical oncologist
80538	80538	105099	24561	1	77%	24561	0.766306054	1	Medical physicist; Physicist
61648	61648	74629	12981	1	83%	12981	0.826059575	1	Medical radiation therapist
37281	37281	31012	-6269	1	120%	-6269	1.202147556	1	Medical receptionist; Medical secretary
49922	49922	69394	19472	1	72%	19472	0.719399372	1	Medical technician – other
173331	173331	232093	58762	1	75%	58762	0.746817009	1	Member of parliament
31696	31696	43720	12024	1	72%	12024	0.724977127	1	Merchandiser; Sales demonstrator
44237	44237	62357	18120	1	71%	18120	0.709415142	1	Metal machinist; Turner – metal
40875	40875	45877	5002	1	89%	5002	0.890969331	1	Metal polisher
68670	68670	95652	26982	1	72%	26982	0.717914942	1	Metallurgical and materials technician
110359	110359	143760	33401	1	77%	33401	0.767661380	1	Metallurgist
88232	88232	106848	18616	1	83%	18616	0.825771189	1	Meteorologist
32961	32961	39943	6982	1	83%	6982	0.825200911	1	Meter reader
62346	62346	78867	16521	1	79%	16521	0.790520750	1	Microbiologist
59604	59604	67925	8321	1	88%	8321	0.877497240	1	Middle school teacher
57933	57933	71843	13910	1	81%	13910	0.806383364	1	Midwife
51794	51794	52964	1170	1	98%	1170	0.977909523	1	Migration agent
37582	37582	46538	8956	1	81%	8956	0.807555116	1	Miller – timber; Sawmilling operator
54795	54795	48067	-6728	1	114%	-6728	1.139971290	1	Miller – tyres; Tyre retreader
102266	102266	154741	52475	1	66%	52475	0.660884963	1	Mine deputy; Mine supervisor
95694	95694	109236	13542	1	88%	13542	0.876029880	1	Mining blasting worker; Powder monkey; Shot firer
119564	119564	168659	49095	1	71%	49095	0.708909694	1	Mining engineer
72085	72085	91698	19613	1	79%	19613	0.786113110	1	Mining labourer
133061	133061	179439	46378	1	74%	46378	0.741538907	1	Mining production manager
28517	28517	29166	649	1	98%	649	0.977748063	1	Model
28024	28024	60735	32711	1	46%	32711	0.461414341	1	Model maker – metal
39208	39208			1				1	Mothercraft nurse
33574	33574	37204	3630	1	90%	3630	0.902429846	1	Motion picture projectionist
57837	57837	84073	26236	1	69%	26236	0.687937864	1	Motor mechanic – diesel
44313	44313	49251	4938	1	90%	4938	0.899738076	1	Motor vehicle accessories fitter
47355	47355	59009	11654	1	80%	11654	0.802504703	1	Motor vehicle body builder
46767	46767	62724	15957	1	75%	15957	0.745599770	1	Motor vehicle licence inspector
37041	37041	50879	13838	1	73%	13838	0.728021384	1	Motor vehicle painter
32766	32766	46961	14195	1	70%	14195	0.697727902	1	Motor vehicle trimmer
30219	30219	45367	15148	1	67%	15148	0.666100910	1	Motorcycle mechanic
99131	99131	29760	-69371	1	333%	-69371	3.331014785	1	Mountain guide
53517	53517	62411	8894	1	86%	8894	0.857493070	1	Multimedia designer
28364	28364	27977	-387	1	101%	-387	1.013832791	1	Mushroom picker
43092	43092	49293	6201	1	87%	6201	0.874201205	1	Music researcher; Musician – other music professional
38681	38681	42373	3692	1	91%	3692	0.912869044	1	Music teacher – private
32510	32510	39670	7160	1	82%	7160	0.819510965	1	Musical instrument repairer; Piano tuner
38600	38600	53956	15356	1	72%	15356	0.715397731	1	Naturopath
79973	79973	118596	38623	1	67%	38623	0.674331343	1	Naval architect
155217	155217	298543	143326	1	52%	143326	0.519915054	1	Neurologist
323682	323682	577674	253992	1	56%	253992	0.560319488	1	Neurosurgeon
59598	59598	82046	22448	1	73%	22448	0.726397387	1	Newspaper journalist; Print journalist
32138	32138	49622	17484	1	65%	17484	0.647656281	1	Newspaper photographer; Photographer
97247	97247	136365	39118	1	71%	39118	0.713137535	1	Newsreader – television; Television announcer; Television presenter
24608	24608	26058	1450	1	94%	1450	0.944354901	1	Night filler; Shelf filler
48295	48295	49913	1618	1	97%	1618	0.967583595	1	Night watchperson; Railway employee – patrol officer; Security guard; Security officer
44797	44797	56528	11731	1	79%	11731	0.792474526	1	Noxious weeds and pest inspector; Pest and noxious weeds inspector
64092	64092	83341	19249	1	77%	19249	0.769033249	1	Nuclear medicine technologist
55240	55240	65313	10073	1	85%	10073	0.845773429	1	Nurse consultant – clinical; Nursing sister; Registered nurse – general; Registered nurse – other; Registered nurse – other; Student registered nurse
64341	64341	75970	11629	1	85%	11629	0.846926418	1	Nurse educator
57585	57585	69132	11547	1	83%	11547	0.832971706	1	Nurse practitioner
30339	30339	35600	5261	1	85%	5261	0.852219101	1	Nursery assistant – horticulture; Nursery hand – plants
34524	34524	38028	3504	1	91%	3504	0.907857368	1	Nursing assistant or aide
95509	95509	108327	12818	1	88%	12818	0.881673082	1	Nursing clinical director
79294	79294	83954	4660	1	94%	4660	0.944493413	1	Nursing supervisor or manager
37282	37282	54081	16799	1	69%	16799	0.689373347	1	Occupation not listed
77744	77744	108049	30305	1	72%	30305	0.719525401	1	Occupational health and safety adviser
53530	53530	68583	15053	1	78%	15053	0.780514122	1	Occupational therapist
52565	52565	66280	13715	1	79%	13715	0.793074834	1	Office administrator; Office manager
50361	50361	58871	8510	1	86%	8510	0.855446655	1	Office machine mechanic
51118	51118	54721	3603	1	93%	3603	0.934156905	1	Office secretary or stenographer; Stenographer
28263	28263	34636	6373	1	82%	6373	0.816000693	1	Office trainee Other clerical and
38388	38388	55993	17605	1	69%	17605	0.685585698	1	Opera singer; Singer; Vocalist
43007	43007	48205	5198	1	89%	5198	0.892168862	1	Operating theatre technician
217242	217242	552947	335705	1	39%	335705	0.392880330	1	Ophthalmologist
36736	36736	47475	10739	1	77%	10739	0.773796735	1	Optical dispenser
46912	46912	55069	8157	1	85%	8157	0.851876736	1	Optical mechanic
76331	76331	105811	29480	1	72%	29480	0.721390026	1	Optometrist
31276	31276	36303	5027	1	86%	5027	0.861526596	1	Order clerk; Sales clerk
78596	78596	97030	18434	1	81%	18434	0.810017520	1	Organisational psychologist
159479	159479	439629	280150	1	36%	280150	0.362758144	1	Orthopaedic surgeon
55222	55222	86274	31052	1	64%	31052	0.640076964	1	Orthoptist
53099	53099	72301	19202	1	73%	19202	0.734415845	1	Orthotist; Prosthetist
51795	51795	67015	15220	1	77%	15220	0.772886667	1	Osteopath
200136	200136	445939	245803	1	45%	245803	0.448796809	1	Otorhinolaryngologist
26314	26314	31821	5507	1	83%	5507	0.826938185	1	Outdoor adventure guide – other
27852	27852	31825	3973	1	88%	3973	0.875161037	1	Outdoor adventure instructor
68174	68174	74441	6267	1	92%	6267	0.915812523	1	Owner – bus, truck, limnousine or hire car; Owner-driver – bus; Owner-driver – truck; Transport company manager
30992	30992	32852	1860	1	94%	1860	0.943382442	1	Packer – other
175314	175314	282508	107194	1	62%	107194	0.620562958	1	Paediatric surgeon
147347	147347	239405	92058	1	62%	92058	0.615471690	1	Paediatrician
24978	24978	38738	13760	1	64%	13760	0.644793226	1	Painter – visual arts
47827	47827	53846	6019	1	89%	6019	0.888218252	1	Panel beater
41562	41562	65364	23802	1	64%	23802	0.635854599	1	Paper and pulp mill worker; Process worker – paper and pulp mill worker
62384	62384	88594	26210	1	70%	26210	0.704156038	1	Paper mill operator; Pulp mill operator
44852	44852	69019	24167	1	65%	24167	0.649850041	1	Paper products machine operator; Paper products maker
52885	52885	64570	11685	1	82%	11685	0.819033607	1	Park ranger
49735	49735	56300	6565	1	88%	6565	0.883392540	1	Parking inspector
66376	66376	72121	5745	1	92%	5745	0.920342203	1	Parole officer
69858	69858	100712	30854	1	69%	30854	0.693641274	1	Patents examiner
90935	90935	224378	133443	1	41%	133443	0.405275918	1	Pathologist
33988	33988	36404	2416	1	93%	2416	0.933633667	1	Pathology collector; Phlebotomist
46631	46631	59835	13204	1	78%	13204	0.779326481	1	Paving and surfacing labourer; Road maintenance worker
123281	123281	72243	-51038	1	171%	-51038	1.706476752	1	Paving plant operator
52580	52580	62768	10188	1	84%	10188	0.837687994	1	Payroll clerk
31146	31146	35705	4559	1	87%	4559	0.872314802	1	Personal care assistant
45048	45048	51086	6038	1	88%	6038	0.881807149	1	Pest controller
25546	25546	31400	5854	1	81%	5854	0.813566879	1	Pet groomer
133315	133315	185808	52493	1	72%	52493	0.717487945	1	Petroleum engineer
61484	61484	86047	24563	1	71%	24563	0.714539728	1	Pharmacist – retail
38656	38656	51628	12972	1	75%	12972	0.748740993	1	Pharmacy technician
30009	30009	38750	8741	1	77%	8741	0.774425806	1	Photographic studio assistant
31993	31993	34907	2914	1	92%	2914	0.916521042	1	Physio assistant
56991	56991	73996	17005	1	77%	17005	0.770190281	1	Physiologist
57738	57738	72266	14528	1	80%	14528	0.798964935	1	Physiotherapist
32523	32523	39197	6674	1	83%	6674	0.829731867	1	Picture framer
43335	43335	50571	7236	1	86%	7236	0.856914042	1	Pig farmer or farm overseer
31497	31497	50366	18869	1	63%	18869	0.625362348	1	Plasterer
281608	281608	448530	166922	1	63%	166922	0.627846521	1	Plastic and reconstructive surgeon
41748	41748	63602	21854	1	66%	21854	0.656394453	1	Plastic cablemaking machine operator
39940	39940	55633	15693	1	72%	15693	0.717919221	1	Plastic compounding and reclamation machine operator
47431	47431	66409	18978	1	71%	18978	0.714225481	1	Plastics fabricator or welder
37839	37839	44298	6459	1	85%	6459	0.854192063	1	Plastics plant hand or labourer
41682	41682	66035	24353	1	63%	24353	0.631210722	1	Plastics technician
46061	46061	65133	19072	1	71%	19072	0.707183762	1	Plumber – general
38469	38469	37773	-696	1	102%	-696	1.018425860	1	Plumber’s assistant
69430	69430	73446	4016	1	95%	4016	0.945320371	1	Plumbing inspector
59165	59165	76167	17002	1	78%	17002	0.776779970	1	Podiatrist
76689	76689	94064	17375	1	82%	17375	0.815285338	1	Policy adviser or analyst
103079	103079	123921	20842	1	83%	20842	0.831812203	1	Policy and planning manager; Public policy manager; Public servant – executive level 1 or 2; Public servant – first assitant secretary or secretary; Public servant – senior agency executive; Public se
59446	59446	68432	8986	1	87%	8986	0.868687164	1	Post office manager
41931	41931	52463	10532	1	80%	10532	0.799248995	1	Postal delivery officer
45223	45223	53555	8332	1	84%	8332	0.844421623	1	Postal sorting officer
28390	28390	40971	12581	1	69%	12581	0.692929145	1	Potter or ceramic artist
33309	33309	36842	3533	1	90%	3533	0.904104012	1	Poultry farm hand
48834	48834	56168	7334	1	87%	7334	0.869427432	1	Poultry farmer or farm overseer
40296	40296	42156	1860	1	96%	1860	0.955878167	1	Poultry process worker
89702	89702	131704	42002	1	68%	42002	0.681087894	1	Power generation plant operator
59676	59676	97740	38064	1	61%	38064	0.610558625	1	Pressure welder
39045	39045	45741	6696	1	85%	6696	0.853610546	1	Pricing clerk; Stock clerk; Stores clerk
76673	76673	97761	21088	1	78%	21088	0.784290259	1	Primary health organisation manager
35468	35468	49970	14502	1	71%	14502	0.709785872	1	Printer’s assistant; Printer’s hand
44026	44026	65750	21724	1	67%	21724	0.669596958	1	Printing machinist
34210	34210	45875	11665	1	75%	11665	0.745722071	1	Printing table worker
50056	50056	64541	14485	1	78%	14485	0.775569018	1	Private detective; Private investigator
47867	47867	64063	16196	1	75%	16196	0.747186363	1	Product examiner
40956	40956	59206	18250	1	69%	18250	0.691754214	1	Product tester
49765	49765	51601	1836	1	96%	1836	0.964419294	1	Production assistant – film, television, radio or stage
76397	76397	96343	19946	1	79%	19946	0.792968872	1	Production or plant engineer
50353	50353	65539	15186	1	77%	15186	0.768290636	1	Production tally or scheduling clerk; Traffic controller – television or radio
85424	85424	107114	21690	1	80%	21690	0.797505461	1	Professor; University lecturer
80073	80073	113072	32999	1	71%	32999	0.708159403	1	Program director – television or radio
28797	28797	34801	6004	1	83%	6004	0.827476222	1	Program seller; Retail assistant – other; Salesperson – other; Shop assistant – other
33905	33905	50745	16840	1	67%	16840	0.668144645	1	Proofreader
152437	152437	234557	82120	1	65%	82120	0.649893203	1	Psychiatrist
49439	49439	61018	11579	1	81%	11579	0.810236324	1	Psychotherapist
74509	74509	103710	29201	1	72%	29201	0.718436024	1	Public relations manager
58552	58552	72221	13669	1	81%	13669	0.810733720	1	Purchasing officer or clerk
66212	66212	89991	23779	1	74%	23779	0.735762465	1	Quality assurance manager
73430	73430	113366	39936	1	65%	39936	0.647725067	1	Quantity surveyor
55033	55033	79447	24414	1	69%	24414	0.692700794	1	Racing car driver
135678	135678	336994	201316	1	40%	201316	0.402612509	1	Radiation oncologist
		48030		1				1	Radiator repairer
60804	60804	65602	4798	1	93%	4798	0.926861986	1	Radio dispatcher
59138	59138	71141	12003	1	83%	12003	0.831278728	1	Radio journalist
59325	59325	77409	18084	1	77%	18084	0.766383754	1	Radiocommunications technician
69454	69454	93711	24257	1	74%	24257	0.741150985	1	Radiographer
66700	66700	81501	14801	1	82%	14801	0.818394866	1	Railway employee – guard; Railway employee – station assistant
79890	79890	99118	19228	1	81%	19228	0.806008999	1	Railway signal operator
74737	74737	97952	23215	1	76%	23215	0.762996161	1	Railway station manager
78978	78978	93632	14654	1	84%	14654	0.843493677	1	Railway track plant operator
61891	61891	80378	18487	1	77%	18487	0.769999254	1	Railway track worker
66271	66271	110559	44288	1	60%	44288	0.599417506	1	Real estate agency manager
62056	62056	88045	25989	1	70%	25989	0.704821398	1	Real estate agent
49080	49080	92500	43420	1	53%	43420	0.530594595	1	Real estate property manager
34360	34360	28089	-6271	1	122%	-6271	1.223254655	1	Receptionist – general
49413	49413	57673	8260	1	86%	8260	0.856778735	1	Records administrator
35776	35776	46650	10874	1	77%	10874	0.766902465	1	Recreation officer
60041	60041	78897	18856	1	76%	18856	0.761004854	1	Recruitment consultant
34581	34581	38441	3860	1	90%	3860	0.899586379	1	Recycling worker
19389	19389	33904	14515	1	57%	14515	0.571879424	1	Referee; Umpire – sports
42545	42545	45251	2706	1	94%	2706	0.940200217	1	Refuge worker
82337	82337	103899	21562	1	79%	21562	0.792471535	1	Regional education manager
43670	43670	48673	5003	1	90%	5003	0.897212007	1	Registered nurse – aged care
56275	56275	70417	14142	1	80%	14142	0.799167815	1	Registered nurse – child and family health
53850	53850	65434	11584	1	82%	11584	0.822966653	1	Registered nurse – community health
63150	63150	74730	11580	1	85%	11580	0.845042152	1	Registered nurse – critical care and emergency
55822	55822	63420	7598	1	88%	7598	0.880195522	1	Registered nurse – developmental disability
52739	52739	59809	7070	1	88%	7070	0.881790366	1	Registered nurse – disability and rehabilitation
58025	58025	69594	11569	1	83%	11569	0.833764405	1	Registered nurse – medical
50074	50074	57353	7279	1	87%	7279	0.873084233	1	Registered nurse – medical practice
64567	64567	74002	9435	1	87%	9435	0.872503446	1	Registered nurse – mental health; Registered nurse – psychiatric
57768	57768	67222	9454	1	86%	9454	0.859361519	1	Registered nurse – perioperative
58510	58510	69324	10814	1	84%	10814	0.844007847	1	Registered nurse – surgical
58233	58233	66040	7807	1	88%	7807	0.881783767	1	Rehabilitation counsellor
54416	54416	60213	5797	1	90%	5797	0.903725109	1	Remedial teacher; Special education teacher; Special needs teacher
155133	155133	298681	143548	1	52%	143548	0.519393601	1	Renal medicine specialist
32819	32819	37356	4537	1	88%	4537	0.878546954	1	Rental salesperson
73639	73639	107560	33921	1	68%	33921	0.684631833	1	Research and development manager
55764	55764	61815	6051	1	90%	6051	0.902111138	1	Research nurse
72940	72940	86995	14055	1	84%	14055	0.838438991	1	Resident medical officer
44156	44156	48798	4642	1	90%	4642	0.904873151	1	Residential care officer
37348	37348	48023	10675	1	78%	10675	0.777710680	1	Retail assistant – building and plumbing supplies; Sales representative – building and plumbing supplies; Salesperson – building and plumbing supplies; Shop assistant – building and plumbing supplies
38254	38254	54516	16262	1	70%	16262	0.701702253	1	Retail assistant – business services; Sales representative – business services; Salesperson – business services; Shop assistant – business services
41740	41740	52093	10353	1	80%	10353	0.801259286	1	Retail assistant – motor vehicle parts and accessories; Sales representative – motor vehicle parts and accessories; Salesperson – motor vehicle parts and accessories
29649	29649	38071	8422	1	78%	8422	0.778781750	1	Retail assistant – personal and household goods; Sales representative – personal and household goods; Salesperson – personal and household goods
40931	40931	46035	5104	1	89%	5104	0.889127838	1	Retail loss prevention officer
44338	44338	58522	14184	1	76%	14184	0.757629609	1	Retail store manager; Shop manager
60571	60571	73745	13174	1	82%	13174	0.821357380	1	Retirement village manager
169409	169409	256933	87524	1	66%	87524	0.659350881	1	Rheumatologist
80035	80035	103613	23578	1	77%	23578	0.772441682	1	Rigger – construction
59604	59604	64544	4940	1	92%	4940	0.923463064	1	Road roller operator
36258	36258	41305	5047	1	88%	5047	0.877811403	1	Road traffic controller
38520	38520	50323	11803	1	77%	11803	0.765455160	1	Roof plumber
46895	46895	42902	-3993	1	109%	-3993	1.093072584	1	Roof tiler
37467	37467	49521	12054	1	76%	12054	0.756588114	1	Roof truss detailer; Structural steel detailer
36154	36154	52963	16809	1	68%	16809	0.682627495	1	Rubber factory hand or labourer
39798	39798	44593	4795	1	89%	4795	0.892471913	1	Sailmaker
73780	73780	103242	29462	1	71%	29462	0.714631642	1	Sales and marketing manager; Marketing manager; Sales director or manager
54991	54991	73247	18256	1	75%	18256	0.750761123	1	Sales representative – other technical products
38790	38790	71101	32311	1	55%	32311	0.545561947	1	Sand-blaster
40514	40514	48668	8154	1	83%	8154	0.832456645	1	Saw operator – panel saw; Wood machinist
34358	34358	54615	20257	1	63%	20257	0.629094571	1	Saw repairer; Saw sharpener
39053	39053	42284	3231	1	92%	3231	0.923588118	1	Sawmill labourer; Timber yard worker
62178	62178	79188	17010	1	79%	17010	0.785194726	1	Scaffolder
40676	40676	45731	5055	1	89%	5055	0.889462290	1	School laboratory technician
104192	104192	110479	6287	1	94%	6287	0.943093258	1	School principal
33014	33014	33598	584	1	98%	584	0.982618013	1	School services officer; Teacher’s aide
41080	41080	55185	14105	1	74%	14105	0.744405183	1	Screen printer
29887	29887	41960	12073	1	71%	12073	0.712273594	1	Sculptor
27324	27324	30421	3097	1	90%	3097	0.898195326	1	Seafood packer
29969	29969	36557	6588	1	82%	6588	0.819788276	1	Seafood process worker
145208	145208	320452	175244	1	45%	175244	0.453134947	1	Securities and finance dealer
56331	56331	66872	10541	1	84%	10541	0.842370499	1	Security consultant
48311	48311	52658	4347	1	92%	4347	0.917448441	1	Security guard – security, alarm or surveillance monitor
26550	26550	39163	12613	1	68%	12613	0.677935807	1	Shearer
21369	21369	25912	4543	1	82%	4543	0.824675826	1	Shearing shed hand; Wool handler
39073	39073	47851	8778	1	82%	8778	0.816555558	1	Sheep farmer or farm overseer
77553	77553	128670	51117	1	60%	51117	0.602727909	1	Ship’s captain or master
		63464		1				1	Shipwright
34227	34227	42345	8118	1	81%	8118	0.808289054	1	Shoemaker or repairer
32328	32328	48802	16474	1	66%	16474	0.662431868	1	Sign erector
40348	40348	50585	10237	1	80%	10237	0.797627755	1	Signwriter
25939	25939	26515	576	1	98%	576	0.978276447	1	Ski instructor
36800	36800	48165	11365	1	76%	11365	0.764040278	1	Slaughterer
39679	39679	51561	11882	1	77%	11882	0.769554508	1	Small engine mechanic
40912	40912	61662	20750	1	66%	20750	0.663488048	1	Small offset printer
52760	52760	71499	18739	1	74%	18739	0.737912418	1	Social security assessor
52064	52064	54706	2642	1	95%	2642	0.951705480	1	Social worker
68744	68744	90332	21588	1	76%	21588	0.761014923	1	Software engineer
60187	60187	71130	10943	1	85%	10943	0.846154928	1	Software tester
64444	64444	89916	25472	1	72%	25472	0.716713377	1	Soil scientist
78400	78400	108329	29929	1	72%	29929	0.723721257	1	Sonographer
53540	53540	66254	12714	1	81%	12714	0.808102152	1	Spatial science technician; Surveying or spatial science technician; Surveying technician
207225	207225	315114	107889	1	66%	107889	0.657619147	1	Specialist physician – general medicine
207599	207599	344860	137261	1	60%	137261	0.601980514	1	Specialist physicians – other
52932	52932	59342	6410	1	89%	6410	0.891982070	1	Speech pathologist; Speech therapist
44797	44797	54730	9933	1	82%	9933	0.818509044	1	Sports administrator
50119	50119	59765	9646	1	84%	9646	0.838601188	1	Sports centre manager
30686	30686	50222	19536	1	61%	19536	0.611007128	1	Sports coach – other; Sports instructor – other
47151	47151	55608	8457	1	85%	8457	0.847917566	1	Sports development officer
34380	34380	67287	32907	1	51%	32907	0.510945651	1	Sportsperson – other sports official
48324	48324	62614	14290	1	77%	14290	0.771776280	1	Spray painter – industrial
		57570		1				1	Squash player
27458	27458	33728	6270	1	81%	6270	0.814101044	1	Stable hand; Strapper
61184	61184	81869	20685	1	75%	20685	0.747340263	1	Staff development officer; Training officer
47441	47441	61850	14409	1	77%	14409	0.767033145	1	Stage manager
31161	31161	42214	11053	1	74%	11053	0.738167433	1	Stagehand; Studio hand; Trades assistant
105855	105855	212652	106797	1	50%	106797	0.497785114	1	State governor
74737	74737	105473	30736	1	71%	30736	0.708588928	1	Statistician
41354	41354	59671	18317	1	69%	18317	0.693033467	1	Steel erector – structural
48468	48468	70255	21787	1	69%	21787	0.689886841	1	Steel fixer
38782	38782	45093	6311	1	86%	6311	0.860044796	1	Sterilisation technician
70116	70116	88541	18425	1	79%	18425	0.791904316	1	Stevedore; Waterside worker; Wharf labourer
57899	57899	67675	9776	1	86%	9776	0.855544884	1	Stock and station agent
124433	124433	238192	113759	1	52%	113759	0.522406294	1	Stock exchange dealer; Stockbroker
39589	39589	58583	18994	1	68%	18994	0.675776249	1	Stone processing machine operator
26433	26433	49886	23453	1	53%	23453	0.529868099	1	Stonemason
36659	36659	44673	8014	1	82%	8014	0.820607526	1	Storeperson; Warehouse assistant
25124	25124	31549	6425	1	80%	6425	0.796348537	1	Street vendor
48942	48942	59396	10454	1	82%	10454	0.823994882	1	Streetsweeper operator
73335	73335	107575	34240	1	68%	34240	0.681710435	1	Structural engineer
46222	46222	44479	-1743	1	104%	-1743	1.039187032	1	Student counsellor
41203	41203	52825	11622	1	78%	11622	0.779990535	1	Sugar cane grower
43526	43526	60316	16790	1	72%	16790	0.721632734	1	Sugar mill worker
79600	79600	97433	17833	1	82%	17833	0.816971663	1	Supply and distribution manager
48653	48653	48148	-505	1	101%	-505	1.010488494	1	Surfer
210796	210796	357996	147200	1	59%	147200	0.588822221	1	Surgeon – general
68526	68526	96477	27951	1	71%	27951	0.710283280	1	Surveyor
36685	36685	45256	8571	1	81%	8571	0.810610748	1	Surveyor’s assistant
34938	34938	92136	57198	1	38%	57198	0.379200313	1	Swimmer
24554	24554	29064	4510	1	84%	4510	0.844825213	1	Swimming instructor
40945	40945	51154	10209	1	80%	10209	0.800426164	1	Switchboard operator; Telephonist
33286	33286	40327	7041	1	83%	7041	0.825402336	1	TAB clerk
70777	70777	108514	37737	1	65%	37737	0.652238421	1	TAFE registrar; University registrar
52771	52771	82821	30050	1	64%	30050	0.637169317	1	Tanker driver
52006	52006	79982	27976	1	65%	27976	0.650221300	1	Tax agent or consultant
78482	78482	93378	14896	1	84%	14896	0.840476343	1	Tax investigator
59349	59349	65196	5847	1	91%	5847	0.910316584	1	Teacher – other school
55162	55162	67510	12348	1	82%	12348	0.817093764	1	Teacher of the hearing impaired
58511	58511	64593	6082	1	91%	6082	0.905841190	1	Teacher of the sight impaired
48698	48698	77609	28911	1	63%	28911	0.627478772	1	Technical cable jointer
70591	70591	76665	6074	1	92%	6074	0.920772191	1	Technical director – film, television, radio or stage
64492	64492	76126	11634	1	85%	11634	0.847174421	1	Technical writer
38982	38982	56082	17100	1	70%	17100	0.695089333	1	Telecommunications and data cabler
78067	78067	99246	21179	1	79%	21179	0.786600971	1	Telecommunications engineer
60854	60854	83239	22385	1	73%	22385	0.731075578	1	Telecommunications field engineer
35311	35311	75290	39979	1	47%	39979	0.468999867	1	Telecommunications lines worker
76342	76342	98668	22326	1	77%	22326	0.773726031	1	Telecommunications network engineer
77215	77215	92395	15180	1	84%	15180	0.835705395	1	Telecommunications network planner
64845	64845	87941	23096	1	74%	23096	0.737369373	1	Telecommunications technical officer
52124	52124	63733	11609	1	82%	11609	0.817849466	1	Television equipment operator; Vision mixer – television
72682	72682	100147	27465	1	73%	27465	0.725753143	1	Television journalist
30243	30243	35844	5601	1	84%	5601	0.843739538	1	Tennis coach
105619	105619	44522	-61097	1	237%	-61097	2.372287858	1	Tennis player
35759	35759	50076	14317	1	71%	14317	0.714094576	1	Textile dyeing and finishing machine operator
37375	37375	52086	14711	1	72%	14711	0.717563261	1	Textile, clothing and footwear mechanic
36508	36508	42509	6001	1	86%	6001	0.858829895	1	Therapist – other complementary health
127645	127645	315444	187799	1	40%	187799	0.404651856	1	Thoracic medicine specialist
41214	41214	49398	8184	1	83%	8184	0.834325276	1	Tourist adviser or officer
31411	31411	36127	4716	1	87%	4716	0.869460514	1	Tourist guide
46230	46230	51935	5705	1	89%	5705	0.890151150	1	Tow truck driver
74288	74288	95725	21437	1	78%	21437	0.776056412	1	Town planner; Urban and regional planner
89479	89479	110835	21356	1	81%	21356	0.807317183	1	Train controller
85882	85882	91383	5501	1	94%	5501	0.939802808	1	Train examiner
66925	66925	73851	6926	1	91%	6926	0.906216571	1	Tram driver
35698	35698	42907	7209	1	83%	7209	0.831985457	1	Translator
74211	74211	99337	25126	1	75%	25126	0.747063028	1	Transport engineer
59058	59058	80852	21794	1	73%	21794	0.730445753	1	Travel agency manager
37683	37683	46442	8759	1	81%	8759	0.811399165	1	Tree faller
22799	22799	32804	10005	1	70%	10005	0.695006706	1	Trekking guide
119219	119219	141419	22200	1	84%	22200	0.843019679	1	Tribunal member
24300	24300	23981	-319	1	101%	-319	1.013302198	1	Trolley collector
34571	34571	33985	-586	1	102%	-586	1.017242901	1	Truck driver’s offsider
60897	60897	85204	24307	1	71%	24307	0.714719966	1	Trust officer
38678	38678	52973	14295	1	73%	14295	0.730145546	1	Turf grower
		59132		1				1	Turner – porcelain
46254	46254	49126	2872	1	94%	2872	0.941538086	1	Tyre fitter
26049	26049	23161	-2888	1	112%	-2888	1.124692371	1	University tutor
213094	213094	433792	220698	1	49%	220698	0.491235431	1	Urologist
65054	65054	101812	36758	1	64%	36758	0.638962008	1	Valuer
271529	271529	417524	145995	1	65%	145995	0.650331478	1	Vascular surgeon
22122	22122	28142	6020	1	79%	6020	0.786084855	1	Vegetable farm worker
20434	20434	19979	-455	1	102%	-455	1.022773913	1	Vegetable picker
28208	28208	34720	6512	1	81%	6512	0.812442396	1	Vending machine attendant
64450	64450	96285	31835	1	67%	31835	0.669366983	1	Veterinarian
35993	35993	36872	879	1	98%	879	0.976160772	1	Veterinary nurse
62202	62202	71739	9537	1	87%	9537	0.867059758	1	Video production manager
25208	25208	36045	10837	1	70%	10837	0.699348037	1	Vineyard worker
53788	53788	63822	10034	1	84%	10034	0.842781486	1	Vocational education teacher or tutor
53046	53046	62707	9661	1	85%	9661	0.845934266	1	Warehouse manager
66106	66106	73686	7580	1	90%	7580	0.897131070	1	Waste water plant operator; Water plant operator
61540	61540	70677	9137	1	87%	9137	0.870721734	1	Water inspector
51789	51789	49965	-1824	1	104%	-1824	1.036505554	1	Weaver
53927	53927	66245	12318	1	81%	12318	0.814053891	1	Web administrator
53284	53284	64079	10795	1	83%	10795	0.831536073	1	Web designer
51259	51259	65322	14063	1	78%	14063	0.784712654	1	Web journalist
59363	59363	70555	11192	1	84%	11192	0.841371979	1	Web programmer
37277	37277	54131	16854	1	69%	16854	0.688644215	1	Weighbridge operator
29229	29229	58483	29254	1	50%	29254	0.499786263	1	Weight loss consultant
50467	50467	64536	14069	1	78%	14069	0.781997645	1	Welder
57529	57529	63584	6055	1	90%	6055	0.904771641	1	Welfare centre manager
47479	47479	53590	6111	1	89%	6111	0.885967531	1	Welfare officer
24403	24403	27555	3152	1	89%	3152	0.885610597	1	Whitewater rafting guide
91823	91823	122006	30183	1	75%	30183	0.752610527	1	Wholesaling company director; Wholesaler
27382	27382	38155	10773	1	72%	10773	0.717651684	1	Window cleaner
42804	42804	45442	2638	1	94%	2638	0.941947978	1	Window dresser
28026	28026	46263	18237	1	61%	18237	0.605797289	1	Windscreen fitter
71289	71289	78908	7619	1	90%	7619	0.903444518	1	Wine maker
37265	37265	41131	3866	1	91%	3866	0.906007634	1	Wood and wood products factory worker
38588	38588	49726	11138	1	78%	11138	0.776012549	1	Wood processing machine operator – other
		35801		1				1	Wood turner
59942	59942	83117	23175	1	72%	23175	0.721176173	1	Wool buyer
30433	30433	38782	8349	1	78%	8349	0.784719715	1	Wool classer
33234	33234	53075	19841	1	63%	19841	0.626170513	1	Yarn carding and spinning machine operator
40804	40804	46328	5524	1	88%	5524	0.880763253	1	Youth worker
41988	41988	47905	5917	1	88%	5917	0.876484709	1	Zookeeper
